# 2 264
  0.00000000E+00   0.00000000E+00
  7.96515115E-03   1.50023610E-04
  1.61019121E-02   5.95572588E-04
  2.43804247E-02   1.32630139E-03
  3.28065181E-02   2.33254585E-03
  4.13854414E-02   3.60516835E-03
  5.01227485E-02   5.13559329E-03
  5.90242976E-02   6.91580604E-03
  6.80962743E-02   8.93835444E-03
  7.73452165E-02   1.11963511E-02
  8.67780411E-02   1.36834769E-02
  9.64020736E-02   1.63939855E-02
  1.06225081E-01   1.93227092E-02
  1.16255307E-01   2.24650662E-02
  1.26501513E-01   2.58170702E-02
  1.36973020E-01   2.93753403E-02
  1.47679756E-01   3.31371150E-02
  1.58632315E-01   3.71002667E-02
  1.69842011E-01   4.12633201E-02
  1.81320945E-01   4.56254735E-02
  1.93082083E-01   5.01866226E-02
  2.05139335E-01   5.49473897E-02
  2.17507652E-01   5.99091565E-02
  2.30203127E-01   6.50741021E-02
  2.43243116E-01   7.04452476E-02
  2.56646370E-01   7.60265071E-02
  2.70433192E-01   8.18227471E-02
  2.84625601E-01   8.78398550E-02
  2.99247540E-01   9.40848189E-02
  3.14325094E-01   1.00565820E-01
  3.29886758E-01   1.07292342E-01
  3.45963732E-01   1.14275292E-01
  3.62590276E-01   1.21527156E-01
  3.79804111E-01   1.29062163E-01
  3.97646900E-01   1.36896495E-01
  3.99820979E-01   1.37852536E-01
  4.02809959E-01   1.39167400E-01
  4.04886579E-01   1.40081228E-01
  4.07085157E-01   1.41048998E-01
  4.09510642E-01   1.42116968E-01
  4.11785298E-01   1.43118823E-01
  4.13598237E-01   1.43917518E-01
  4.13747997E-01   1.43983504E-01
  4.17283393E-01   1.45539034E-01
  4.20701413E-01   1.47029184E-01
  4.24041846E-01   1.48459501E-01
  4.27341665E-01   1.49835572E-01
  4.30611571E-01   1.51152532E-01
  4.33859955E-01   1.52405356E-01
  4.37093965E-01   1.53589167E-01
  4.40319921E-01   1.54699296E-01
  4.43543603E-01   1.55731320E-01
  4.44398800E-01   1.55991364E-01
  4.44421792E-01   1.55998273E-01
  4.44426390E-01   1.55999655E-01
  4.44427310E-01   1.55999931E-01
  4.44540273E-01   1.56033811E-01
  4.52044861E-01   1.58058052E-01
  4.59391622E-01   1.59630162E-01
  4.66858297E-01   1.60845164E-01
  4.74445100E-01   1.61715447E-01
  4.82155983E-01   1.62253662E-01
  4.89995008E-01   1.62471878E-01
  4.97966441E-01   1.62381593E-01
  5.06074762E-01   1.61993741E-01
  5.14324680E-01   1.61318691E-01
  5.22721148E-01   1.60366252E-01
  5.31269382E-01   1.59145670E-01
  5.39974876E-01   1.57665633E-01
  5.41792275E-01   1.57328514E-01
  5.44476862E-01   1.56813594E-01
  5.46210320E-01   1.56470610E-01
  5.48010244E-01   1.56105956E-01
  5.48499561E-01   1.56005344E-01
  5.48525437E-01   1.56000006E-01
  5.48525466E-01   1.56000000E-01
  5.48527488E-01   1.55999583E-01
  5.53488146E-01   1.54947886E-01
  5.57834063E-01   1.53992439E-01
  5.61972377E-01   1.53068133E-01
  5.65963930E-01   1.52175742E-01
  5.69855569E-01   1.51315805E-01
  5.73676324E-01   1.50490922E-01
  5.77446120E-01   1.49704488E-01
  5.81179888E-01   1.48960119E-01
  5.84889586E-01   1.48261408E-01
  5.88585320E-01   1.47611818E-01
  5.92276047E-01   1.47014623E-01
  5.95970048E-01   1.46472882E-01
  5.99675293E-01   1.45989433E-01
  6.03399744E-01   1.45566891E-01
  6.07151651E-01   1.45207656E-01
  6.10939863E-01   1.44913939E-01
  6.14774209E-01   1.44687783E-01
  6.18665994E-01   1.44531113E-01
  6.22628702E-01   1.44445808E-01
  6.26679081E-01   1.44433816E-01
  6.30838901E-01   1.44497351E-01
  6.35138107E-01   1.44639253E-01
  6.39621029E-01   1.44863712E-01
  6.44360602E-01   1.45177941E-01
  6.49499247E-01   1.45596998E-01
  6.55432336E-01   1.46165381E-01
  6.61173591E-01   1.46782349E-01
  6.66785371E-01   1.47429712E-01
  6.71759529E-01   1.48025045E-01
  6.76408677E-01   1.48588073E-01
  6.80881198E-01   1.49126253E-01
  6.85240867E-01   1.49639513E-01
  6.89523844E-01   1.50125810E-01
  6.93754649E-01   1.50582583E-01
  6.97951755E-01   1.51007181E-01
  7.02130183E-01   1.51397031E-01
  7.06302943E-01   1.51749709E-01
  7.10481949E-01   1.52062972E-01
  7.14678682E-01   1.52334770E-01
  7.18904751E-01   1.52563244E-01
  7.23172439E-01   1.52746715E-01
  7.27495339E-01   1.52883662E-01
  7.31889168E-01   1.52972683E-01
  7.36372958E-01   1.53012433E-01
  7.40970947E-01   1.53001514E-01
  7.45715866E-01   1.52938280E-01
  7.50655326E-01   1.52820434E-01
  7.55866102E-01   1.52644130E-01
  7.61493869E-01   1.52401417E-01
  7.67919193E-01   1.52069561E-01
  7.74469367E-01   1.51685810E-01
  7.80851413E-01   1.51282964E-01
  7.86424452E-01   1.50919481E-01
  7.91614968E-01   1.50579901E-01
  7.96609751E-01   1.50259111E-01
  8.01484690E-01   1.49957492E-01
  8.06282410E-01   1.49676681E-01
  8.11032161E-01   1.49418579E-01
  8.15756497E-01   1.49185072E-01
  8.20474380E-01   1.48977938E-01
  8.25202966E-01   1.48798801E-01
  8.29958829E-01   1.48649120E-01
  8.34758993E-01   1.48530188E-01
  8.39621982E-01   1.48443149E-01
  8.44569125E-01   1.48389023E-01
  8.49626437E-01   1.48368757E-01
  8.54827685E-01   1.48383320E-01
  8.60220036E-01   1.48433882E-01
  8.65875929E-01   1.48522216E-01
  8.71923293E-01   1.48651735E-01
  8.78651348E-01   1.48831192E-01
  8.87345882E-01   1.49104018E-01
  8.93652357E-01   1.49320229E-01
  8.99909428E-01   1.49541426E-01
  9.05769741E-01   1.49748206E-01
  9.11390951E-01   1.49940933E-01
  9.16871908E-01   1.50119240E-01
  9.22268706E-01   1.50281946E-01
  9.27619350E-01   1.50427696E-01
  9.32953381E-01   1.50555172E-01
  9.38296282E-01   1.50663168E-01
  9.43672078E-01   1.50750618E-01
  9.49105299E-01   1.50816600E-01
  9.54622932E-01   1.50860323E-01
  9.60256891E-01   1.50881099E-01
  9.66047834E-01   1.50878291E-01
  9.72052045E-01   1.50851194E-01
  9.78356019E-01   1.50798777E-01
  9.85114377E-01   1.50718988E-01
  9.92689485E-01   1.50606113E-01
  1.00301589E+00   1.50424649E-01
  1.01157089E+00   1.50262076E-01
  1.01843700E+00   1.50130945E-01
  1.02482927E+00   1.50012968E-01
  1.03102574E+00   1.49905776E-01
  1.03711739E+00   1.49809984E-01
  1.04315831E+00   1.49726528E-01
  1.04918956E+00   1.49656320E-01
  1.05524692E+00   1.49600171E-01
  1.06136517E+00   1.49558770E-01
  1.06758171E+00   1.49532687E-01
  1.07394067E+00   1.49522391E-01
  1.08049924E+00   1.49528295E-01
  1.08733975E+00   1.49550867E-01
  1.09459794E+00   1.49590894E-01
  1.10255084E+00   1.49650362E-01
  1.11210558E+00   1.49737487E-01
  1.12029286E+00   1.49820167E-01
  1.12836576E+00   1.49903903E-01
  1.13578561E+00   1.49978997E-01
  1.14286614E+00   1.50046080E-01
  1.14977846E+00   1.50105032E-01
  1.15661281E+00   1.50155266E-01
  1.16343134E+00   1.50196149E-01
  1.17028610E+00   1.50227127E-01
  1.17722762E+00   1.50247745E-01
  1.18431162E+00   1.50257651E-01
  1.19160740E+00   1.50256575E-01
  1.19921242E+00   1.50244264E-01
  1.20728608E+00   1.50220320E-01
  1.21615589E+00   1.50183637E-01
  1.22694487E+00   1.50128937E-01
  1.23592177E+00   1.50079117E-01
  1.24479715E+00   1.50029608E-01
  1.25302081E+00   1.49986159E-01
  1.26091597E+00   1.49948616E-01
  1.26866525E+00   1.49917189E-01
  1.27637228E+00   1.49892283E-01
  1.28411522E+00   1.49874281E-01
  1.29196706E+00   1.49863479E-01
  1.30000853E+00   1.49860089E-01
  1.30834388E+00   1.49864250E-01
  1.31713139E+00   1.49876104E-01
  1.32666846E+00   1.49896021E-01
  1.33778836E+00   1.49925739E-01
  1.34837954E+00   1.49957404E-01
  1.35868733E+00   1.49988411E-01
  1.36800786E+00   1.50014474E-01
  1.37690269E+00   1.50036111E-01
  1.38563960E+00   1.50053279E-01
  1.39435892E+00   1.50065733E-01
  1.40316910E+00   1.50073260E-01
  1.41217946E+00   1.50075719E-01
  1.42152578E+00   1.50073043E-01
  1.43141441E+00   1.50065188E-01
  1.44225080E+00   1.50051959E-01
  1.45536726E+00   1.50031898E-01
  1.46649242E+00   1.50013646E-01
  1.47749699E+00   1.49996383E-01
  1.48773770E+00   1.49982348E-01
  1.49765668E+00   1.49971509E-01
  1.50750626E+00   1.49963965E-01
  1.51745140E+00   1.49959839E-01
  1.52764894E+00   1.49959197E-01
  1.53829683E+00   1.49962043E-01
  1.54972034E+00   1.49968364E-01
  1.56268997E+00   1.49978362E-01
  1.57656981E+00   1.49990571E-01
  1.58993691E+00   1.50002001E-01
  1.60168351E+00   1.50010582E-01
  1.61290343E+00   1.50016792E-01
  1.62404001E+00   1.50020665E-01
  1.63533392E+00   1.50022157E-01
  1.64701989E+00   1.50021272E-01
  1.65942994E+00   1.50018059E-01
  1.67324474E+00   1.50012540E-01
  1.69156287E+00   1.50003853E-01
  1.70763023E+00   1.49996697E-01
  1.72078939E+00   1.49992117E-01
  1.73339432E+00   1.49989259E-01
  1.74604850E+00   1.49988046E-01
  1.75908351E+00   1.49988459E-01
  1.77291351E+00   1.49990430E-01
  1.78836884E+00   1.49993889E-01
  1.80967696E+00   1.49999368E-01
  1.82718773E+00   1.50003238E-01
  1.84175336E+00   1.50005415E-01
  1.85597502E+00   1.50006412E-01
  1.87050425E+00   1.50006291E-01
  1.88586455E+00   1.50005121E-01
  1.90303102E+00   1.50002996E-01
  1.92708483E+00   1.49999683E-01
  1.94639691E+00   1.49997620E-01
  1.96265713E+00   1.49996671E-01
  1.97880664E+00   1.49996518E-01
  1.99565809E+00   1.49997089E-01
  2.00000000E+00   1.49997329E-01
