# 3 210
  0.00000000E+00   0.00000000E+00   0.00000000E+00
  1.04948660E-01   1.90329551E-06  -9.69571734E-06
  2.14654246E-01   5.82354524E-06  -3.52705318E-05
  3.38464410E-01   1.08029230E-05  -9.31865669E-05
  4.56125308E-01   1.56447440E-05  -2.13547637E-04
  5.58180544E-01   2.00192971E-05  -4.32456477E-04
  6.67540097E-01   2.52720931E-05  -9.19311196E-04
  7.79218192E-01   3.21136171E-05  -1.98583400E-03
  8.90116171E-01   4.22518069E-05  -4.26746987E-03
  9.98371936E-01   5.91192755E-05  -9.00494477E-03
  1.10322833E+00   8.91142397E-05  -1.85528691E-02
  1.21370899E+00   1.49175614E-04  -3.96430801E-02
  1.32421592E+00   2.51142429E-04  -8.38483495E-02
  1.43829701E+00   3.14236199E-04  -1.74085059E-01
  1.53993421E+00   1.41567411E-04  -3.00055364E-01
  1.64650209E+00   2.41432227E-04  -4.34625132E-01
  1.75776298E+00   7.17234819E-04  -5.24709987E-01
  1.85904869E+00   8.54237119E-04  -5.61142265E-01
  1.96778033E+00   5.50513747E-04  -5.63569320E-01
  1.97296495E+00   5.25024518E-04  -5.62815911E-01
  1.97300615E+00   5.24818108E-04  -5.62809598E-01
  1.97300623E+00   5.24817697E-04  -5.62809586E-01
  1.97300714E+00   5.24813162E-04  -5.62809447E-01
  2.07516218E+00  -1.17931778E-04  -5.30178956E-01
  2.18658982E+00  -8.76454811E-04  -4.47520503E-01
  2.30223838E+00  -1.40255862E-03  -3.08911591E-01
  2.40436009E+00  -2.13299177E-03  -1.88885666E-01
  2.51838076E+00  -3.26809977E-03  -1.08041010E-01
  2.63288255E+00  -4.24517572E-03  -8.28524687E-02
  2.74364286E+00  -5.06145105E-03  -1.04199093E-01
  2.83810994E+00  -5.78197172E-03  -1.61677487E-01
  2.83815230E+00  -5.78232735E-03  -1.61712388E-01
  2.84281610E+00  -5.82175792E-03  -1.65606852E-01
  2.95404084E+00  -6.87720364E-03  -2.84893818E-01
  3.06181048E+00  -7.60734363E-03  -4.11896268E-01
  3.17913963E+00  -7.82727343E-03  -5.00114959E-01
  3.28862247E+00  -8.16543229E-03  -5.25328385E-01
  3.32659457E+00  -8.36049832E-03  -5.22215335E-01
  3.32691852E+00  -8.36233611E-03  -5.22162832E-01
  3.32691856E+00  -8.36233636E-03  -5.22162825E-01
  3.32692072E+00  -8.36234860E-03  -5.22162474E-01
  3.43279981E+00  -9.05404486E-03  -4.80521879E-01
  3.54839902E+00  -9.72763708E-03  -3.77399522E-01
  3.65679590E+00  -1.03031055E-02  -2.51703274E-01
  3.77056453E+00  -1.13312792E-02  -1.53824524E-01
  3.88321572E+00  -1.23640541E-02  -1.16380475E-01
  4.00038978E+00  -1.32872613E-02  -1.37764356E-01
  4.10541729E+00  -1.41725048E-02  -2.10259800E-01
  4.10624974E+00  -1.41804339E-02  -2.11032189E-01
  4.10641511E+00  -1.41820112E-02  -2.11185968E-01
  4.10644819E+00  -1.41823267E-02  -2.11216737E-01
  4.10645480E+00  -1.41823898E-02  -2.11222891E-01
  4.10763119E+00  -1.41936307E-02  -2.12320172E-01
  4.20986773E+00  -1.52015084E-02  -3.22423219E-01
  4.31948967E+00  -1.58583210E-02  -4.32206375E-01
  4.42857639E+00  -1.61874665E-02  -4.91003674E-01
  4.52801439E+00  -1.66387993E-02  -4.95652812E-01
  4.52801808E+00  -1.66388203E-02  -4.95652136E-01
  4.52801817E+00  -1.66388208E-02  -4.95652120E-01
  4.52801899E+00  -1.66388255E-02  -4.95651969E-01
  4.64974817E+00  -1.74045859E-02  -4.38699756E-01
  4.75444734E+00  -1.79622277E-02  -3.39712195E-01
  4.86943749E+00  -1.87126921E-02  -2.21680721E-01
  4.99636491E+00  -1.98936489E-02  -1.47253182E-01
  4.99927298E+00  -1.99201960E-02  -1.46444317E-01
  4.99985460E+00  -1.99254937E-02  -1.46287392E-01
  4.99997092E+00  -1.99265527E-02  -1.46256201E-01
  4.99999418E+00  -1.99267645E-02  -1.46249970E-01
  4.99999884E+00  -1.99268069E-02  -1.46248724E-01
  4.99999977E+00  -1.99268154E-02  -1.46248475E-01
  4.99999995E+00  -1.99268170E-02  -1.46248425E-01
  4.99999999E+00  -1.99268174E-02  -1.46248415E-01
  5.00000000E+00  -1.99268175E-02  -1.46248413E-01
  5.00000000E+00  -1.99268175E-02  -1.46248413E-01
  5.00000000E+00  -1.99268175E-02  -1.46248413E-01
  5.00000000E+00  -1.99268175E-02  -1.46248413E-01
  5.11268254E+00  -2.08840375E-02  -1.46076349E-01
  5.23147532E+00  -2.18854259E-02  -2.10368304E-01
  5.26516418E+00  -2.22083432E-02  -2.39757651E-01
  5.26528859E+00  -2.22095741E-02  -2.39873597E-01
  5.26531347E+00  -2.22098203E-02  -2.39896792E-01
  5.26531845E+00  -2.22098695E-02  -2.39901431E-01
  5.26531945E+00  -2.22098794E-02  -2.39902359E-01
  5.26531965E+00  -2.22098814E-02  -2.39902544E-01
  5.26531969E+00  -2.22098817E-02  -2.39902581E-01
  5.26531969E+00  -2.22098818E-02  -2.39902589E-01
  5.26531970E+00  -2.22098818E-02  -2.39902590E-01
  5.26532114E+00  -2.22098962E-02  -2.39903938E-01
  5.36865000E+00  -2.31984303E-02  -3.45153497E-01
  5.48004993E+00  -2.38240758E-02  -4.39133312E-01
  5.59085893E+00  -2.42613896E-02  -4.78585179E-01
  5.64696376E+00  -2.45500599E-02  -4.76200800E-01
  5.64713540E+00  -2.45510366E-02  -4.76170546E-01
  5.64713579E+00  -2.45510388E-02  -4.76170478E-01
  5.64715411E+00  -2.45511431E-02  -4.76167240E-01
  5.77257363E+00  -2.53193631E-02  -4.17213101E-01
  5.87734438E+00  -2.58843382E-02  -3.21749820E-01
  5.99391166E+00  -2.67133303E-02  -2.15642698E-01
  6.11880642E+00  -2.78577671E-02  -1.59362275E-01
  6.23829113E+00  -2.88748379E-02  -1.74729846E-01
  6.35049659E+00  -2.98860098E-02  -2.48144486E-01
  6.36213334E+00  -3.00004875E-02  -2.58402280E-01
  6.36221018E+00  -3.00012476E-02  -2.58471187E-01
  6.36222555E+00  -3.00013996E-02  -2.58484971E-01
  6.36222862E+00  -3.00014300E-02  -2.58487727E-01
  6.36275307E+00  -3.00066188E-02  -2.58958434E-01
  6.46764226E+00  -3.09696453E-02  -3.57963284E-01
  6.58100499E+00  -3.15991733E-02  -4.38730288E-01
  6.70473052E+00  -3.21810666E-02  -4.62003944E-01
  6.71711503E+00  -3.22503940E-02  -4.60340669E-01
  6.71744450E+00  -3.22522715E-02  -4.60286536E-01
  6.71744489E+00  -3.22522737E-02  -4.60286471E-01
  6.71746135E+00  -3.22523675E-02  -4.60283753E-01
  6.83929286E+00  -3.29890919E-02  -4.06255154E-01
  6.94618773E+00  -3.35852971E-02  -3.15491497E-01
  7.06229903E+00  -3.44326516E-02  -2.19694189E-01
  7.18051184E+00  -3.55006721E-02  -1.73466062E-01
  7.28211152E+00  -3.63790851E-02  -1.85659265E-01
  7.38739886E+00  -3.73267348E-02  -2.46509309E-01
  7.41922633E+00  -3.76348148E-02  -2.72420937E-01
  7.41937583E+00  -3.76362733E-02  -2.72547994E-01
  7.41940573E+00  -3.76365650E-02  -2.72573410E-01
  7.41941171E+00  -3.76366233E-02  -2.72578494E-01
  7.41941290E+00  -3.76366350E-02  -2.72579511E-01
  7.41971672E+00  -3.76395992E-02  -2.72837873E-01
  7.52521271E+00  -3.85749717E-02  -3.64373698E-01
  7.63933242E+00  -3.92230531E-02  -4.33851501E-01
  7.75186470E+00  -3.97995584E-02  -4.47056262E-01
  7.75254350E+00  -3.98034523E-02  -4.46958221E-01
  7.75271453E+00  -3.98044343E-02  -4.46933185E-01
  7.75271493E+00  -3.98044366E-02  -4.46933126E-01
  7.75272985E+00  -3.98045223E-02  -4.46930935E-01
  7.87248723E+00  -4.05268653E-02  -3.97744711E-01
  7.98070647E+00  -4.11504352E-02  -3.12592886E-01
  8.09616907E+00  -4.20029417E-02  -2.25567722E-01
  8.20946152E+00  -4.30138836E-02  -1.86061275E-01
  8.31631078E+00  -4.39469828E-02  -2.01681382E-01
  8.43219276E+00  -4.50113692E-02  -2.71334185E-01
  8.44797943E+00  -4.51625477E-02  -2.83752820E-01
  8.44801823E+00  -4.51629189E-02  -2.83783814E-01
  8.44802599E+00  -4.51629931E-02  -2.83790013E-01
  8.44802755E+00  -4.51630079E-02  -2.83791253E-01
  8.44831268E+00  -4.51657353E-02  -2.84019059E-01
  8.55210380E+00  -4.60616930E-02  -3.66583281E-01
  8.66587505E+00  -4.67309872E-02  -4.26758720E-01
  8.76178238E+00  -4.72493185E-02  -4.35413596E-01
  8.76202013E+00  -4.72507006E-02  -4.35384059E-01
  8.76202032E+00  -4.72507018E-02  -4.35384034E-01
  8.76203086E+00  -4.72507631E-02  -4.35382719E-01
  8.87119058E+00  -4.79127850E-02  -3.96450898E-01
  8.97739153E+00  -4.85401689E-02  -3.21328172E-01
  9.07792080E+00  -4.92478296E-02  -2.47619789E-01
  9.18523006E+00  -5.01783268E-02  -2.01593200E-01
  9.30234962E+00  -5.12102677E-02  -2.06888041E-01
  9.41513114E+00  -5.22344168E-02  -2.64220660E-01
  9.45504578E+00  -5.26100087E-02  -2.92911421E-01
  9.45516778E+00  -5.26111503E-02  -2.93002441E-01
  9.45519218E+00  -5.26113786E-02  -2.93020647E-01
  9.45519706E+00  -5.26114243E-02  -2.93024288E-01
  9.45519803E+00  -5.26114334E-02  -2.93025016E-01
  9.45519823E+00  -5.26114352E-02  -2.93025162E-01
  9.45525060E+00  -5.26119253E-02  -2.93064242E-01
  9.56892683E+00  -5.35552016E-02  -3.74659078E-01
  9.68383654E+00  -5.42354629E-02  -4.22279296E-01
  9.75109654E+00  -5.46171364E-02  -4.25220009E-01
  9.75129643E+00  -5.46183178E-02  -4.25199958E-01
  9.75129676E+00  -5.46183197E-02  -4.25199926E-01
  9.75131091E+00  -5.46184034E-02  -4.25198500E-01
  9.85609062E+00  -5.52596262E-02  -3.92344194E-01
  9.95961238E+00  -5.58852694E-02  -3.25957722E-01
  9.99665076E+00  -5.61236943E-02  -2.99221625E-01
  9.99933015E+00  -5.61417358E-02  -2.97312308E-01
  9.99986603E+00  -5.61453588E-02  -2.96931248E-01
  9.99997321E+00  -5.61460840E-02  -2.96855069E-01
  9.99999464E+00  -5.61462291E-02  -2.96839835E-01
  9.99999893E+00  -5.61462581E-02  -2.96836788E-01
  9.99999979E+00  -5.61462639E-02  -2.96836179E-01
  9.99999996E+00  -5.61462650E-02  -2.96836057E-01
  9.99999999E+00  -5.61462653E-02  -2.96836032E-01
  1.00000000E+01  -5.61462653E-02  -2.96836027E-01
  1.00000000E+01  -5.61462653E-02  -2.96836026E-01
  1.00000000E+01  -5.61462653E-02  -2.96836026E-01
  1.00000000E+01  -5.61462653E-02  -2.96836026E-01
  1.01074877E+01  -5.69768390E-02  -2.32173023E-01
  1.02149847E+01  -5.79202369E-02  -2.06738869E-01
  1.03264911E+01  -5.89056427E-02  -2.30331373E-01
  1.04389355E+01  -5.99398475E-02  -2.96048557E-01
  1.04428324E+01  -5.99756350E-02  -2.98740738E-01
  1.04429997E+01  -5.99771691E-02  -2.98856549E-01
  1.04430332E+01  -5.99774759E-02  -2.98879714E-01
  1.04430399E+01  -5.99775373E-02  -2.98884346E-01
  1.04440237E+01  -5.99865535E-02  -2.99565693E-01
  1.05584544E+01  -6.09184383E-02  -3.74294966E-01
  1.06722270E+01  -6.16104988E-02  -4.14454295E-01
  1.07271590E+01  -6.19321470E-02  -4.15864054E-01
  1.07271907E+01  -6.19323378E-02  -4.15861330E-01
  1.07271921E+01  -6.19323460E-02  -4.15861212E-01
  1.07271921E+01  -6.19323462E-02  -4.15861209E-01
  1.07271928E+01  -6.19323500E-02  -4.15861154E-01
  1.08419077E+01  -6.26405772E-02  -3.80935797E-01
  1.09469394E+01  -6.32915817E-02  -3.16780167E-01
  1.10631802E+01  -6.41462913E-02  -2.47100056E-01
  1.11672676E+01  -6.50431516E-02  -2.16962614E-01
  1.12746173E+01  -6.59893725E-02  -2.29571138E-01
  1.13826459E+01  -6.69697449E-02  -2.81816457E-01
  1.14203768E+01  -6.73127522E-02  -3.05539147E-01
  1.14205461E+01  -6.73142705E-02  -3.05647758E-01
  1.14205799E+01  -6.73145742E-02  -3.05669481E-01
  1.14205867E+01  -6.73146349E-02  -3.05673825E-01
  1.14219043E+01  -6.73264479E-02  -3.06519771E-01
