# 2 210
  0.00000000E+00   1.00000000E-01
  1.04948660E-01   8.83826164E-02
  2.14654246E-01   8.08221911E-02
  3.38464410E-01   7.58789914E-02
  4.56125308E-01   7.44795072E-02
  5.58180544E-01   7.67973272E-02
  6.67540097E-01   8.55741037E-02
  7.79218192E-01   1.07626136E-01
  8.90116171E-01   1.56800230E-01
  9.98371936E-01   2.60215547E-01
  1.10322833E+00   4.69243506E-01
  1.21370899E+00   9.28825478E-01
  1.32421592E+00   1.86657629E+00
  1.43829701E+00   3.56546354E+00
  1.53993421E+00   5.04066861E+00
  1.64650209E+00   3.98413972E+00
  1.75776298E+00  -1.13258692E+00
  1.85904869E+00  -7.61070716E+00
  1.96778033E+00  -1.46734612E+01
  1.97296495E+00  -1.49974259E+01
  1.97300615E+00  -1.49999949E+01
  1.97300623E+00  -1.50000000E+01
  1.97300714E+00  -1.50000000E+01
  2.07516218E+00  -1.50000000E+01
  2.18658982E+00  -1.50000000E+01
  2.30223838E+00  -1.50000000E+01
  2.40436009E+00  -1.50000000E+01
  2.51838076E+00  -1.50000000E+01
  2.63288255E+00  -1.50000000E+01
  2.74364286E+00  -1.50000000E+01
  2.83810994E+00  -1.50000000E+01
  2.83815230E+00  -1.50000000E+01
  2.84281610E+00  -1.46845930E+01
  2.95404084E+00  -8.17788980E+00
  3.06181048E+00  -5.44861145E+00
  3.17913963E+00  -7.74764138E+00
  3.28862247E+00  -1.29106161E+01
  3.32659457E+00  -1.49820431E+01
  3.32691852E+00  -1.49999975E+01
  3.32691856E+00  -1.50000000E+01
  3.32692072E+00  -1.50000000E+01
  3.43279981E+00  -1.50000000E+01
  3.54839902E+00  -1.50000000E+01
  3.65679590E+00  -1.50000000E+01
  3.77056453E+00  -1.50000000E+01
  3.88321572E+00  -1.50000000E+01
  4.00038978E+00  -1.50000000E+01
  4.10541729E+00  -1.50000000E+01
  4.10624974E+00  -1.50000000E+01
  4.10641511E+00  -1.50000000E+01
  4.10644819E+00  -1.50000000E+01
  4.10645480E+00  -1.50000000E+01
  4.10763119E+00  -1.49236869E+01
  4.20986773E+00  -9.47927249E+00
  4.31948967E+00  -7.74251769E+00
  4.42857639E+00  -1.03977338E+01
  4.52801439E+00  -1.49998050E+01
  4.52801808E+00  -1.49999954E+01
  4.52801817E+00  -1.50000000E+01
  4.52801899E+00  -1.50000000E+01
  4.64974817E+00  -1.50000000E+01
  4.75444734E+00  -1.50000000E+01
  4.86943749E+00  -1.50000000E+01
  4.99636491E+00  -1.50000000E+01
  4.99927298E+00  -1.50000000E+01
  4.99985460E+00  -1.50000000E+01
  4.99997092E+00  -1.50000000E+01
  4.99999418E+00  -1.50000000E+01
  4.99999884E+00  -1.50000000E+01
  4.99999977E+00  -1.50000000E+01
  4.99999995E+00  -1.50000000E+01
  4.99999999E+00  -1.50000000E+01
  5.00000000E+00  -1.50000000E+01
  5.00000000E+00  -1.50000000E+01
  5.00000000E+00  -1.50000000E+01
  5.00000000E+00  -1.50000000E+01
  5.11268254E+00  -1.50000000E+01
  5.23147532E+00  -1.50000000E+01
  5.26516418E+00  -1.50000000E+01
  5.26528859E+00  -1.50000000E+01
  5.26531347E+00  -1.50000000E+01
  5.26531845E+00  -1.50000000E+01
  5.26531945E+00  -1.50000000E+01
  5.26531965E+00  -1.50000000E+01
  5.26531969E+00  -1.50000000E+01
  5.26531969E+00  -1.50000000E+01
  5.26531970E+00  -1.50000000E+01
  5.26532114E+00  -1.49999136E+01
  5.36865000E+00  -1.02135598E+01
  5.48004993E+00  -9.34187442E+00
  5.59085893E+00  -1.24947831E+01
  5.64696376E+00  -1.49917997E+01
  5.64713540E+00  -1.49999811E+01
  5.64713579E+00  -1.49999994E+01
  5.64715411E+00  -1.50000000E+01
  5.77257363E+00  -1.50000000E+01
  5.87734438E+00  -1.50000000E+01
  5.99391166E+00  -1.50000000E+01
  6.11880642E+00  -1.50000000E+01
  6.23829113E+00  -1.50000000E+01
  6.35049659E+00  -1.50000000E+01
  6.36213334E+00  -1.50000000E+01
  6.36221018E+00  -1.50000000E+01
  6.36222555E+00  -1.50000000E+01
  6.36222862E+00  -1.50000000E+01
  6.36275307E+00  -1.49715284E+01
  6.46764226E+00  -1.07767862E+01
  6.58100499E+00  -1.05325722E+01
  6.70473052E+00  -1.44501645E+01
  6.71711503E+00  -1.49855173E+01
  6.71744450E+00  -1.49999820E+01
  6.71744489E+00  -1.49999993E+01
  6.71746135E+00  -1.50000000E+01
  6.83929286E+00  -1.50000000E+01
  6.94618773E+00  -1.50000000E+01
  7.06229903E+00  -1.50000000E+01
  7.18051184E+00  -1.50000000E+01
  7.28211152E+00  -1.50000000E+01
  7.38739886E+00  -1.50000000E+01
  7.41922633E+00  -1.50000000E+01
  7.41937583E+00  -1.50000000E+01
  7.41940573E+00  -1.50000000E+01
  7.41941171E+00  -1.50000000E+01
  7.41941290E+00  -1.50000000E+01
  7.41971672E+00  -1.49850548E+01
  7.52521271E+00  -1.13191238E+01
  7.63933242E+00  -1.14728165E+01
  7.75186470E+00  -1.49658172E+01
  7.75254350E+00  -1.49931010E+01
  7.75271453E+00  -1.49999832E+01
  7.75271493E+00  -1.49999993E+01
  7.75272985E+00  -1.50000000E+01
  7.87248723E+00  -1.50000000E+01
  7.98070647E+00  -1.50000000E+01
  8.09616907E+00  -1.50000000E+01
  8.20946152E+00  -1.50000000E+01
  8.31631078E+00  -1.50000000E+01
  8.43219276E+00  -1.50000000E+01
  8.44797943E+00  -1.50000000E+01
  8.44801823E+00  -1.50000000E+01
  8.44802599E+00  -1.50000000E+01
  8.44802755E+00  -1.50000000E+01
  8.44831268E+00  -1.49873676E+01
  8.55210380E+00  -1.18338749E+01
  8.66587505E+00  -1.22033439E+01
  8.76178238E+00  -1.49912697E+01
  8.76202013E+00  -1.49999925E+01
  8.76202032E+00  -1.49999997E+01
  8.76203086E+00  -1.50000000E+01
  8.87119058E+00  -1.50000000E+01
  8.97739153E+00  -1.50000000E+01
  9.07792080E+00  -1.50000000E+01
  9.18523006E+00  -1.50000000E+01
  9.30234962E+00  -1.50000000E+01
  9.41513114E+00  -1.50000000E+01
  9.45504578E+00  -1.50000000E+01
  9.45516778E+00  -1.50000000E+01
  9.45519218E+00  -1.50000000E+01
  9.45519706E+00  -1.50000000E+01
  9.45519803E+00  -1.50000000E+01
  9.45519823E+00  -1.50000000E+01
  9.45525060E+00  -1.49979172E+01
  9.56892683E+00  -1.21752554E+01
  9.68383654E+00  -1.30925193E+01
  9.75109654E+00  -1.49933353E+01
  9.75129643E+00  -1.49999887E+01
  9.75129676E+00  -1.49999996E+01
  9.75131091E+00  -1.50000000E+01
  9.85609062E+00  -1.50000000E+01
  9.95961238E+00  -1.50000000E+01
  9.99665076E+00  -1.50000000E+01
  9.99933015E+00  -1.50000000E+01
  9.99986603E+00  -1.50000000E+01
  9.99997321E+00  -1.50000000E+01
  9.99999464E+00  -1.50000000E+01
  9.99999893E+00  -1.50000000E+01
  9.99999979E+00  -1.50000000E+01
  9.99999996E+00  -1.50000000E+01
  9.99999999E+00  -1.50000000E+01
  1.00000000E+01  -1.50000000E+01
  1.00000000E+01  -1.50000000E+01
  1.00000000E+01  -1.50000000E+01
  1.00000000E+01  -1.50000000E+01
  1.01074877E+01  -1.50000000E+01
  1.02149847E+01  -1.50000000E+01
  1.03264911E+01  -1.50000000E+01
  1.04389355E+01  -1.50000000E+01
  1.04428324E+01  -1.50000000E+01
  1.04429997E+01  -1.50000000E+01
  1.04430332E+01  -1.50000000E+01
  1.04430399E+01  -1.50000000E+01
  1.04440237E+01  -1.49647806E+01
  1.05584544E+01  -1.25169255E+01
  1.06722270E+01  -1.35447176E+01
  1.07271590E+01  -1.49989921E+01
  1.07271907E+01  -1.49999573E+01
  1.07271921E+01  -1.49999991E+01
  1.07271921E+01  -1.50000000E+01
  1.07271928E+01  -1.50000000E+01
  1.08419077E+01  -1.50000000E+01
  1.09469394E+01  -1.50000000E+01
  1.10631802E+01  -1.50000000E+01
  1.11672676E+01  -1.50000000E+01
  1.12746173E+01  -1.50000000E+01
  1.13826459E+01  -1.50000000E+01
  1.14203768E+01  -1.50000000E+01
  1.14205461E+01  -1.50000000E+01
  1.14205799E+01  -1.50000000E+01
  1.14205867E+01  -1.50000000E+01
  1.14219043E+01  -1.49581332E+01
