# 2 18
  0.00000000E+00   0.00000000E+00
  3.13214075E-02   1.85203285E-03
  6.40692293E-02   6.94703467E-03
  9.91009597E-02   1.48918870E-02
  1.36669962E-01   2.53677515E-02
  1.77154873E-01   3.81604957E-02
  2.21013645E-01   5.31513671E-02
  2.68817008E-01   7.03217569E-02
  3.21286288E-01   8.97609433E-02
  3.79349488E-01   1.11681015E-01
  4.44225122E-01   1.36442754E-01
  5.17551820E-01   1.64599477E-01
  6.01596472E-01   1.96971547E-01
  6.99604163E-01   2.34776034E-01
  7.99604163E-01   2.73370893E-01
  8.99604163E-01   3.11973211E-01
  9.99604163E-01   3.50578021E-01
  1.00000000E+00   3.50730836E-01
