# 3 98
  0.00000000E+00   0.00000000E+00   1.74532925E-02
  4.02578390E-02  -2.63146848E-06   1.81402394E-02
  8.08518599E-02  -9.61365609E-06   2.02687983E-02
  1.22006693E-01  -2.02329587E-05   2.40571443E-02
  1.62949134E-01  -3.40548200E-05   2.97419003E-02
  2.03983202E-01  -5.12144104E-05   3.77900924E-02
  2.46479699E-01  -7.24579243E-05   4.92467621E-02
  2.89633323E-01  -9.67404963E-05   6.50229104E-02
  3.33051337E-01  -1.20398834E-04   8.62534228E-02
  3.76915664E-01  -1.34203563E-04   1.14495113E-01
  4.22315216E-01  -1.18028857E-04   1.52277548E-01
  4.71777681E-01  -3.26448355E-05   2.04208815E-01
  5.22948904E-01   1.41348829E-04   2.68352620E-01
  5.71581461E-01   3.16551508E-04   3.34003772E-01
  6.11949941E-01   3.85893154E-04   3.86573298E-01
  6.52641575E-01   3.59826143E-04   4.33921622E-01
  6.98132883E-01   2.56814026E-04   4.77904993E-01
  7.51161953E-01   1.20755452E-04   5.16686877E-01
  8.16152820E-01   8.03044575E-06   5.47680594E-01
  8.70629788E-01  -3.07611574E-05   5.61955370E-01
  9.18006633E-01  -3.35857991E-05   5.67027606E-01
  9.66094881E-01  -1.70701276E-05   5.65747494E-01
  1.01530028E+00   1.22704640E-05   5.57674664E-01
  1.06498939E+00   4.74473485E-05   5.41908062E-01
  1.11390437E+00   7.71585796E-05   5.17740269E-01
  1.16157853E+00   8.30197417E-05   4.84599507E-01
  1.21090023E+00   3.49749587E-05   4.39357099E-01
  1.27134036E+00  -1.28999279E-04   3.69744564E-01
  1.32495065E+00  -3.09008275E-04   3.00658166E-01
  1.36565356E+00  -3.81122661E-04   2.49460756E-01
  1.40708914E+00  -3.64120146E-04   2.02684308E-01
  1.45216560E+00  -2.73284325E-04   1.60407747E-01
  1.50468893E+00  -1.46686227E-04   1.23448493E-01
  1.56637238E+00  -4.10792716E-05   9.60201281E-02
  1.61161393E+00  -4.71056592E-06   8.56982064E-02
  1.65700874E+00   2.93485937E-06   8.29145571E-02
  1.69539106E+00  -6.58312856E-06   8.62889961E-02
  1.73139039E+00  -2.35173853E-05   9.43186214E-02
  1.77082939E+00  -4.45674224E-05   1.08845204E-01
  1.81537471E+00  -5.98430115E-05   1.33079984E-01
  1.86448901E+00  -4.31709638E-05   1.70229570E-01
  1.92119667E+00   5.63479125E-05   2.26776869E-01
  1.98986349E+00   2.69742586E-04   3.09387852E-01
  2.03080745E+00   3.61869951E-04   3.59830566E-01
  2.07417284E+00   3.73111007E-04   4.08853111E-01
  2.11771285E+00   3.06666077E-04   4.50469511E-01
  2.16829511E+00   1.92454360E-04   4.87565023E-01
  2.22622878E+00   8.41377683E-05   5.15172297E-01
  2.28108030E+00   3.04946319E-05   5.27701648E-01
  2.33609427E+00   1.89417080E-05   5.27877682E-01
  2.38935879E+00   3.16517631E-05   5.16350855E-01
  2.44295323E+00   4.58619053E-05   4.92527870E-01
  2.49703652E+00   2.91469825E-05   4.55182560E-01
  2.55636426E+00  -6.86200421E-05   3.98947885E-01
  2.62353845E+00  -2.63797691E-04   3.21395933E-01
  2.66507474E+00  -3.53527150E-04   2.72090869E-01
  2.70947356E+00  -3.67342655E-04   2.23671482E-01
  2.75336656E+00  -3.06483885E-04   1.83340704E-01
  2.80411399E+00  -1.99723984E-04   1.47928894E-01
  2.86233290E+00  -9.70018903E-05   1.22451711E-01
  2.91617237E+00  -4.62680546E-05   1.12631540E-01
  2.95844548E+00  -3.33641417E-05   1.13783048E-01
  3.00054881E+00  -3.49940355E-05   1.22646203E-01
  3.04322975E+00  -3.92431624E-05   1.39709124E-01
  3.09581942E+00  -2.37398753E-05   1.72342947E-01
  3.15891344E+00   6.89195261E-05   2.28092339E-01
  3.23001621E+00   2.61695983E-04   3.06687825E-01
  3.27212564E+00   3.46936480E-04   3.54809787E-01
  3.31724280E+00   3.60081486E-04   4.02099245E-01
  3.36170636E+00   3.02258616E-04   4.41124661E-01
  3.41298743E+00   2.01241520E-04   4.74789328E-01
  3.47210019E+00   1.03910234E-04   4.97962666E-01
  3.55226878E+00   4.59526322E-05   5.03528510E-01
  3.61725307E+00   3.85825695E-05   4.86605551E-01
  3.68091233E+00   1.63667510E-05   4.50980342E-01
  3.74929597E+00  -8.72505788E-05   3.92372124E-01
  3.81853161E+00  -2.66234488E-04   3.18125004E-01
  3.86126047E+00  -3.43190154E-04   2.71242848E-01
  3.90655946E+00  -3.50237611E-04   2.26013664E-01
  3.95196097E+00  -2.91587584E-04   1.88518733E-01
  4.00441867E+00  -1.94247761E-04   1.56995766E-01
  4.06544916E+00  -1.02909915E-04   1.36916313E-01
  4.12317189E+00  -5.85333245E-05   1.34073190E-01
  4.18014232E+00  -4.16380296E-05   1.46474085E-01
  4.23324429E+00  -2.26508047E-05   1.71755853E-01
  4.30357195E+00   6.24241201E-05   2.25062258E-01
  4.38693731E+00   2.61453557E-04   3.09662185E-01
  4.43013794E+00   3.35261762E-04   3.55361576E-01
  4.47616456E+00   3.42680733E-04   3.99614995E-01
  4.52214531E+00   2.87132032E-04   4.35961825E-01
  4.57534125E+00   1.94252625E-04   4.66041510E-01
  4.63817404E+00   1.05601223E-04   4.84135135E-01
  4.71975912E+00   5.16535024E-05   4.79646500E-01
  4.79483438E+00   1.60090829E-05   4.47754358E-01
  4.87580980E+00  -1.00314951E-04   3.85138022E-01
  4.93026020E+00  -2.28785066E-04   3.31252658E-01
  4.97477274E+00  -3.13734495E-04   2.85460099E-01
  5.00000000E+00  -3.36586518E-04   2.60627051E-01
