# 3 747
  0.00000000E+00   0.00000000E+00   0.00000000E+00
  3.63078055E-02   5.13843864E-07  -2.51046415E-06
  7.30382737E-02   1.89702879E-06  -9.41728069E-06
  1.11709784E-01   4.04687553E-06  -2.07149896E-05
  1.52267116E-01   6.85884555E-06  -3.68472272E-05
  1.94620605E-01   1.02324949E-05  -5.88796985E-05
  2.38432831E-01   1.40564685E-05  -8.85548728E-05
  2.83043976E-01   1.81994260E-05  -1.28244090E-04
  3.27529738E-01   2.25149275E-05  -1.80720741E-04
  3.70957285E-01   2.68673178E-05  -2.48891293E-04
  4.12666876E-01   3.11608412E-05  -3.35717074E-04
  4.52358610E-01   3.53480101E-05  -4.44338840E-04
  4.89998623E-01   3.94180821E-05  -5.78223919E-04
  5.25689426E-01   4.33812954E-05  -7.41237758E-04
  5.59582733E-01   4.72578102E-05  -9.37660548E-04
  5.91836867E-01   5.10718701E-05  -1.17218818E-03
  6.22599993E-01   5.48491679E-05  -1.44993504E-03
  6.52005146E-01   5.86157979E-05  -1.77644158E-03
  6.80169951E-01   6.23979208E-05  -2.15768544E-03
  7.07197976E-01   6.62217338E-05  -2.60009449E-03
  7.33180475E-01   7.01135629E-05  -3.11056108E-03
  7.58198096E-01   7.40999987E-05  -3.69645659E-03
  7.82322390E-01   7.82080415E-05  -4.36564643E-03
  8.05617107E-01   8.24652408E-05  -5.12650495E-03
  8.28139277E-01   8.68998257E-05  -5.98793047E-03
  8.49940134E-01   9.15408225E-05  -6.95936026E-03
  8.71065872E-01   9.64181625E-05  -8.05078546E-03
  8.91558300E-01   1.01562778E-04  -9.27276601E-03
  9.11455381E-01   1.07006692E-04  -1.06364454E-02
  9.30791699E-01   1.12783094E-04  -1.21535656E-02
  9.49598849E-01   1.18926418E-04  -1.38364813E-02
  9.67905780E-01   1.25472404E-04  -1.56981752E-02
  9.85739084E-01   1.32458161E-04  -1.77522719E-02
  1.00312325E+00   1.39922221E-04  -2.00130522E-02
  1.02008088E+00   1.47904585E-04  -2.24954679E-02
  1.03663288E+00   1.56446772E-04  -2.52151551E-02
  1.05279862E+00   1.65591850E-04  -2.81884484E-02
  1.06859611E+00   1.75384473E-04  -3.14323942E-02
  1.08404209E+00   1.85870902E-04  -3.49647643E-02
  1.09915216E+00   1.97099024E-04  -3.88040680E-02
  1.11394090E+00   2.09118355E-04  -4.29695654E-02
  1.12842192E+00   2.21980045E-04  -4.74812785E-02
  1.14260798E+00   2.35736856E-04  -5.23600030E-02
  1.15651104E+00   2.50443141E-04  -5.76273185E-02
  1.17014233E+00   2.66154794E-04  -6.33055984E-02
  1.18351241E+00   2.82929193E-04  -6.94180190E-02
  1.19663122E+00   3.00825111E-04  -7.59885666E-02
  1.20950812E+00   3.19902611E-04  -8.30420445E-02
  1.22215195E+00   3.40222903E-04  -9.06040779E-02
  1.23457105E+00   3.61848177E-04  -9.87011178E-02
  1.24677331E+00   3.84841387E-04  -1.07360443E-01
  1.25876621E+00   4.09265999E-04  -1.16610159E-01
  1.27055682E+00   4.35185684E-04  -1.26479199E-01
  1.28215184E+00   4.62663955E-04  -1.36997319E-01
  1.29355767E+00   4.91763742E-04  -1.48195093E-01
  1.30478036E+00   5.22546886E-04  -1.60103904E-01
  1.31587115E+00   5.55212203E-04  -1.72810017E-01
  1.32695929E+00   5.90252055E-04  -1.86517838E-01
  1.33804522E+00   6.27823661E-04  -2.01305847E-01
  1.34912873E+00   6.68086396E-04  -2.17257541E-01
  1.36020959E+00   7.11202010E-04  -2.34462535E-01
  1.37128761E+00   7.57332421E-04  -2.53016978E-01
  1.38236264E+00   8.06636780E-04  -2.73023980E-01
  1.39343461E+00   8.59267679E-04  -2.94594088E-01
  1.40450356E+00   9.15366305E-04  -3.17845815E-01
  1.41556972E+00   9.75056320E-04  -3.42906239E-01
  1.42663357E+00   1.03843621E-03  -3.69911708E-01
  1.43769591E+00   1.10556976E-03  -3.99008691E-01
  1.44875803E+00   1.17647434E-03  -4.30354834E-01
  1.45982185E+00   1.25110645E-03  -4.64120289E-01
  1.47089011E+00   1.32934397E-03  -5.00489436E-01
  1.48196659E+00   1.41096441E-03  -5.39663120E-01
  1.49305644E+00   1.49561801E-03  -5.81861591E-01
  1.50416651E+00   1.58279439E-03  -6.27328364E-01
  1.51530581E+00   1.67178086E-03  -6.76335315E-01
  1.52648601E+00   1.76160952E-03  -7.29189388E-01
  1.53772204E+00   1.85098941E-03  -7.86241450E-01
  1.54903298E+00   1.93821806E-03  -8.47898015E-01
  1.56044293E+00   2.02106430E-03  -9.14636877E-01
  1.57198238E+00   2.09661049E-03  -9.87028232E-01
  1.58368998E+00   2.16103623E-03  -1.06576391E+00
  1.59561510E+00   2.20931579E-03  -1.15169949E+00
  1.60782216E+00   2.23478266E-03  -1.24591954E+00
  1.62039857E+00   2.22847084E-03  -1.34985067E+00
  1.63347254E+00   2.17801253E-03  -1.46549470E+00
  1.64726155E+00   2.06537133E-03  -1.59603158E+00
  1.66224751E+00   1.86005828E-03  -1.74795130E+00
  1.68038519E+00   1.47630065E-03  -1.94564876E+00
  1.69378351E+00   1.08686585E-03  -2.10103146E+00
  1.70721304E+00   6.01356735E-04  -2.26417783E+00
  1.71937397E+00   7.98809425E-05  -2.41768035E+00
  1.73079332E+00  -4.76942045E-04  -2.56614226E+00
  1.74187567E+00  -1.07358984E-03  -2.71351557E+00
  1.75295006E+00  -1.71741539E-03  -2.86324391E+00
  1.76441762E+00  -2.42470879E-03  -3.01997227E+00
  1.76639059E+00  -2.54982313E-03  -3.04703830E+00
  1.76653935E+00  -2.55929217E-03  -3.04907967E+00
  1.76657904E+00  -2.56181974E-03  -3.04962441E+00
  1.76657978E+00  -2.56186700E-03  -3.04963460E+00
  1.76657981E+00  -2.56186885E-03  -3.04963500E+00
  1.76658003E+00  -2.56188256E-03  -3.04963795E+00
  1.77989523E+00  -3.42323488E-03  -3.23244064E+00
  1.79140345E+00  -4.17144879E-03  -3.38968914E+00
  1.80335598E+00  -4.92959212E-03  -3.55107074E+00
  1.81432409E+00  -5.59382973E-03  -3.69648872E+00
  1.82503842E+00  -6.20498077E-03  -3.83532066E+00
  1.83580032E+00  -6.77724269E-03  -3.97094199E+00
  1.84681038E+00  -7.31925646E-03  -4.10518177E+00
  1.85822676E+00  -7.83820055E-03  -4.23908624E+00
  1.87018069E+00  -8.34156649E-03  -4.37311492E+00
  1.88277740E+00  -8.83833699E-03  -4.50717188E+00
  1.89610200E+00  -9.34024753E-03  -4.64071111E+00
  1.91026491E+00  -9.86404968E-03  -4.77320445E+00
  1.92555699E+00  -1.04375856E-02  -4.90534332E+00
  1.94307125E+00  -1.11270808E-02  -5.04299250E+00
  1.95879651E+00  -1.17917317E-02  -5.15451122E+00
  1.97447346E+00  -1.25072948E-02  -5.25479982E+00
  1.98828286E+00  -1.31856502E-02  -5.33456033E+00
  2.00103737E+00  -1.38533930E-02  -5.40144100E+00
  2.01316167E+00  -1.45245936E-02  -5.45926972E+00
  2.02502932E+00  -1.52149951E-02  -5.51071236E+00
  2.03680025E+00  -1.59309503E-02  -5.55693582E+00
  2.04853099E+00  -1.66735708E-02  -5.59847561E+00
  2.06026195E+00  -1.74432838E-02  -5.63571465E+00
  2.07202336E+00  -1.82400829E-02  -5.66893516E+00
  2.08383808E+00  -1.90636429E-02  -5.69834697E+00
  2.09572333E+00  -1.99133893E-02  -5.72410513E+00
  2.10769165E+00  -2.07885394E-02  -5.74632164E+00
  2.11975151E+00  -2.16881252E-02  -5.76507338E+00
  2.13190768E+00  -2.26110052E-02  -5.78040798E+00
  2.14416140E+00  -2.35558674E-02  -5.79234823E+00
  2.15651042E+00  -2.45212267E-02  -5.80089578E+00
  2.16894907E+00  -2.55054210E-02  -5.80603434E+00
  2.18146828E+00  -2.65066068E-02  -5.80773290E+00
  2.19405570E+00  -2.75227603E-02  -5.80594883E+00
  2.20669589E+00  -2.85516857E-02  -5.80063114E+00
  2.21937071E+00  -2.95910340E-02  -5.79172366E+00
  2.23205989E+00  -3.06383360E-02  -5.77916809E+00
  2.24474173E+00  -3.16910483E-02  -5.76290658E+00
  2.25739410E+00  -3.27466112E-02  -5.74288359E+00
  2.26999541E+00  -3.38025150E-02  -5.71904660E+00
  2.28252578E+00  -3.48563685E-02  -5.69134564E+00
  2.29496802E+00  -3.59059624E-02  -5.65973119E+00
  2.30730867E+00  -3.69493224E-02  -5.62415074E+00
  2.31953872E+00  -3.79847470E-02  -5.58454374E+00
  2.33165429E+00  -3.90108267E-02  -5.54083533E+00
  2.34365700E+00  -4.00264470E-02  -5.49292863E+00
  2.35555441E+00  -4.10307763E-02  -5.44069555E+00
  2.36736028E+00  -4.20232439E-02  -5.38396582E+00
  2.37909508E+00  -4.30035132E-02  -5.32251331E+00
  2.39078665E+00  -4.39714606E-02  -5.25603819E+00
  2.40253066E+00  -4.49319686E-02  -5.18376422E+00
  2.41453738E+00  -4.58980705E-02  -5.10394599E+00
  2.42687597E+00  -4.68696044E-02  -5.01545000E+00
  2.43965598E+00  -4.78476002E-02  -4.91665041E+00
  2.45305785E+00  -4.88354341E-02  -4.80503882E+00
  2.46743537E+00  -4.98437929E-02  -4.67603105E+00
  2.48379616E+00  -5.09156429E-02  -4.51749821E+00
  2.49869805E+00  -5.18135249E-02  -4.36239067E+00
  2.51361651E+00  -5.26334239E-02  -4.19728962E+00
  2.52655452E+00  -5.32818269E-02  -4.04668160E+00
  2.53838027E+00  -5.38286430E-02  -3.90356851E+00
  2.54960594E+00  -5.43147687E-02  -3.76350770E+00
  2.56053587E+00  -5.47668845E-02  -3.62385125E+00
  2.57143631E+00  -5.52085827E-02  -3.48206683E+00
  2.58263455E+00  -5.56667709E-02  -3.33464026E+00
  2.59472803E+00  -5.61842666E-02  -3.17447155E+00
  2.60983987E+00  -5.68923766E-02  -2.97471844E+00
  2.62291655E+00  -5.75835455E-02  -2.80387222E+00
  2.63435905E+00  -5.82611726E-02  -2.65706632E+00
  2.64537545E+00  -5.89839307E-02  -2.51892605E+00
  2.65633680E+00  -5.97733677E-02  -2.38525142E+00
  2.66746411E+00  -6.06447382E-02  -2.25397136E+00
  2.67891895E+00  -6.16103143E-02  -2.12397376E+00
  2.69082793E+00  -6.26794436E-02  -1.99479137E+00
  2.70328612E+00  -6.38572695E-02  -1.86653035E+00
  2.71635765E+00  -6.51434393E-02  -1.73980547E+00
  2.73009490E+00  -6.65332250E-02  -1.61548533E+00
  2.74460462E+00  -6.80243444E-02  -1.49411782E+00
  2.76021201E+00  -6.96343469E-02  -1.37492325E+00
  2.77809539E+00  -7.14637787E-02  -1.25256674E+00
  2.79403671E+00  -7.30648526E-02  -1.15594405E+00
  2.80994943E+00  -7.46251597E-02  -1.07077734E+00
  2.82398568E+00  -7.59656291E-02  -1.00465742E+00
  2.83693206E+00  -7.71706720E-02  -9.50870830E-01
  2.84919633E+00  -7.82843223E-02  -9.06064572E-01
  2.86095441E+00  -7.93270409E-02  -8.68536836E-01
  2.87229458E+00  -8.03104102E-02  -8.37223804E-01
  2.88326243E+00  -8.12416977E-02  -8.11371266E-01
  2.89387710E+00  -8.21255270E-02  -7.90398785E-01
  2.90413798E+00  -8.29646016E-02  -7.73828625E-01
  2.91402692E+00  -8.37599963E-02  -7.61241919E-01
  2.91686908E+00  -8.39863231E-02  -7.58231473E-01
  2.91936689E+00  -8.41844212E-02  -7.55808030E-01
  2.92214068E+00  -8.44035417E-02  -7.53359680E-01
  2.92218234E+00  -8.44068261E-02  -7.53324850E-01
  2.92219029E+00  -8.44074522E-02  -7.53318216E-01
  2.92219188E+00  -8.44075774E-02  -7.53316890E-01
  2.92219219E+00  -8.44076025E-02  -7.53316624E-01
  2.92224536E+00  -8.44117931E-02  -7.53272281E-01
  2.93566218E+00  -8.54575137E-02  -7.45067087E-01
  2.94742961E+00  -8.63513983E-02  -7.42754062E-01
  2.95845840E+00  -8.71655298E-02  -7.44726544E-01
  2.96905054E+00  -8.79233619E-02  -7.50404395E-01
  2.97933132E+00  -8.86346516E-02  -7.59483403E-01
  2.98937016E+00  -8.93049952E-02  -7.71772190E-01
  2.99931795E+00  -8.99449511E-02  -7.87326366E-01
  3.00965903E+00  -9.05841701E-02  -8.07111358E-01
  3.02030289E+00  -9.12143448E-02  -8.31392637E-01
  3.03120574E+00  -9.18310201E-02  -8.60468971E-01
  3.04233866E+00  -9.24314259E-02  -8.94651065E-01
  3.05368514E+00  -9.30142607E-02  -9.34278591E-01
  3.06523954E+00  -9.35795619E-02  -9.79737435E-01
  3.07700687E+00  -9.41286785E-02  -1.03148086E+00
  3.08900348E+00  -9.46643371E-02  -1.09005724E+00
  3.10125894E+00  -9.51908150E-02  -1.15614848E+00
  3.11381946E+00  -9.57142635E-02  -1.23062665E+00
  3.12675418E+00  -9.62432779E-02  -1.31464463E+00
  3.14016780E+00  -9.67899488E-02  -1.40980015E+00
  3.15423026E+00  -9.73720459E-02  -1.51849111E+00
  3.16926470E+00  -9.80187385E-02  -1.64491068E+00
  3.18613219E+00  -9.87936118E-02  -1.79928464E+00
  3.20237078E+00  -9.96081686E-02  -1.96017310E+00
  3.21855513E+00  -1.00503106E-01  -2.13194143E+00
  3.23227898E+00  -1.01334912E-01  -2.28585744E+00
  3.24471284E+00  -1.02148419E-01  -2.43116704E+00
  3.25649381E+00  -1.02970297E-01  -2.57329617E+00
  3.26797772E+00  -1.03815534E-01  -2.71527821E+00
  3.27947390E+00  -1.04699706E-01  -2.86000606E+00
  3.28009606E+00  -1.04748514E-01  -2.86789572E+00
  3.28025450E+00  -1.04760958E-01  -2.86990567E+00
  3.28025537E+00  -1.04761026E-01  -2.86991675E+00
  3.28025541E+00  -1.04761029E-01  -2.86991723E+00
  3.28025579E+00  -1.04761059E-01  -2.86992212E+00
  3.29214315E+00  -1.05707798E-01  -3.02144443E+00
  3.30524254E+00  -1.06763500E-01  -3.18914954E+00
  3.32044950E+00  -1.07971024E-01  -3.38288467E+00
  3.33273829E+00  -1.08909731E-01  -3.53722201E+00
  3.34410254E+00  -1.09735418E-01  -3.67714184E+00
  3.35519811E+00  -1.10495822E-01  -3.81038362E+00
  3.36631879E+00  -1.11210168E-01  -3.93994631E+00
  3.37765730E+00  -1.11890249E-01  -4.06738637E+00
  3.38936070E+00  -1.12545338E-01  -4.19350107E+00
  3.40154584E+00  -1.13184193E-01  -4.31851981E+00
  3.41430165E+00  -1.13816207E-01  -4.44215927E+00
  3.42769424E+00  -1.14452469E-01  -4.56372355E+00
  3.44179617E+00  -1.15107469E-01  -4.68240454E+00
  3.45677029E+00  -1.15802841E-01  -4.79787664E+00
  3.47309818E+00  -1.16578692E-01  -4.91145848E+00
  3.49286535E+00  -1.17563931E-01  -5.03204041E+00
  3.50805336E+00  -1.18366097E-01  -5.11241820E+00
  3.52323182E+00  -1.19212411E-01  -5.18242136E+00
  3.53709134E+00  -1.20025975E-01  -5.23759860E+00
  3.55042398E+00  -1.20845455E-01  -5.28303596E+00
  3.56347667E+00  -1.21681857E-01  -5.32046042E+00
  3.57637010E+00  -1.22539745E-01  -5.35074603E+00
  3.58917671E+00  -1.23421199E-01  -5.37440263E+00
  3.60194291E+00  -1.24326906E-01  -5.39173489E+00
  3.61469838E+00  -1.25256592E-01  -5.40291743E+00
  3.62746086E+00  -1.26209246E-01  -5.40803759E+00
  3.64023893E+00  -1.27183233E-01  -5.40712300E+00
  3.65303396E+00  -1.28176383E-01  -5.40016135E+00
  3.66584186E+00  -1.29186065E-01  -5.38711498E+00
  3.67865483E+00  -1.30209294E-01  -5.36793110E+00
  3.69146351E+00  -1.31242859E-01  -5.34254718E+00
  3.70425947E+00  -1.32283483E-01  -5.31089052E+00
  3.71703783E+00  -1.33328008E-01  -5.27287064E+00
  3.72980015E+00  -1.34373577E-01  -5.22836390E+00
  3.74255724E+00  -1.35417807E-01  -5.17718931E+00
  3.75533225E+00  -1.36458940E-01  -5.11907384E+00
  3.76816456E+00  -1.37496011E-01  -5.05360212E+00
  3.78111590E+00  -1.38529113E-01  -4.98013732E+00
  3.79445031E+00  -1.39572953E-01  -4.89657639E+00
  3.80848936E+00  -1.40643407E-01  -4.79975175E+00
  3.82358981E+00  -1.41753458E-01  -4.68534569E+00
  3.84079147E+00  -1.42953967E-01  -4.54201807E+00
  3.85673298E+00  -1.43995295E-01  -4.39697397E+00
  3.87264567E+00  -1.44959344E-01  -4.24086458E+00
  3.88639748E+00  -1.45730312E-01  -4.09735794E+00
  3.89891066E+00  -1.46384345E-01  -3.96042200E+00
  3.91071945E+00  -1.46965429E-01  -3.82623934E+00
  3.92212644E+00  -1.47500975E-01  -3.69269303E+00
  3.93337750E+00  -1.48013894E-01  -3.55788787E+00
  3.94474042E+00  -1.48527996E-01  -3.41941817E+00
  3.95660828E+00  -1.49074788E-01  -3.27323248E+00
  3.96989022E+00  -1.49717356E-01  -3.10899524E+00
  3.98514784E+00  -1.50520835E-01  -2.92134603E+00
  3.99781680E+00  -1.51258592E-01  -2.76784476E+00
  4.00946511E+00  -1.52002864E-01  -2.62962025E+00
  4.02080766E+00  -1.52792307E-01  -2.49849107E+00
  4.03214866E+00  -1.53645824E-01  -2.37145380E+00
  4.04368292E+00  -1.54576919E-01  -2.24699890E+00
  4.05555529E+00  -1.55595887E-01  -2.12439777E+00
  4.06787753E+00  -1.56709692E-01  -2.00349458E+00
  4.08073117E+00  -1.57920982E-01  -1.88463944E+00
  4.09417123E+00  -1.59227517E-01  -1.76859540E+00
  4.10824744E+00  -1.60623880E-01  -1.65630108E+00
  4.12306123E+00  -1.62107440E-01  -1.54845711E+00
  4.13889203E+00  -1.63691356E-01  -1.44493812E+00
  4.15661650E+00  -1.65444588E-01  -1.34329083E+00
  4.17711602E+00  -1.67426624E-01  -1.24416710E+00
  4.19462714E+00  -1.69070583E-01  -1.17477285E+00
  4.20924218E+00  -1.70404644E-01  -1.12735847E+00
  4.22254206E+00  -1.71588087E-01  -1.09233317E+00
  4.23499384E+00  -1.72670174E-01  -1.06642893E+00
  4.24673732E+00  -1.73668690E-01  -1.04801052E+00
  4.25779870E+00  -1.74590733E-01  -1.03593719E+00
  4.26812846E+00  -1.75436660E-01  -1.02924391E+00
  4.27793917E+00  -1.76227549E-01  -1.02696071E+00
  4.28772237E+00  -1.77005068E-01  -1.02862388E+00
  4.29749344E+00  -1.77771553E-01  -1.03420931E+00
  4.30021258E+00  -1.77983212E-01  -1.03646181E+00
  4.30177261E+00  -1.78104341E-01  -1.03789151E+00
  4.30217750E+00  -1.78135743E-01  -1.03827896E+00
  4.30225806E+00  -1.78141990E-01  -1.03835685E+00
  4.30227417E+00  -1.78143239E-01  -1.03837247E+00
  4.30227739E+00  -1.78143489E-01  -1.03837559E+00
  4.30227804E+00  -1.78143539E-01  -1.03837621E+00
  4.30237238E+00  -1.78150853E-01  -1.03846785E+00
  4.31413490E+00  -1.79055876E-01  -1.05277406E+00
  4.32544991E+00  -1.79911243E-01  -1.07196206E+00
  4.33711032E+00  -1.80774385E-01  -1.09736193E+00
  4.34911030E+00  -1.81641494E-01  -1.12953876E+00
  4.36141130E+00  -1.82507390E-01  -1.16897032E+00
  4.37400928E+00  -1.83370632E-01  -1.21622596E+00
  4.38692479E+00  -1.84232798E-01  -1.27201031E+00
  4.40020342E+00  -1.85098603E-01  -1.33723432E+00
  4.41392260E+00  -1.85976561E-01  -1.41313018E+00
  4.42820939E+00  -1.86880562E-01  -1.50147028E+00
  4.44328775E+00  -1.87833773E-01  -1.60507971E+00
  4.45963743E+00  -1.88880926E-01  -1.72946251E+00
  4.47892547E+00  -1.90157356E-01  -1.89207710E+00
  4.49439216E+00  -1.91230506E-01  -2.03447909E+00
  4.50980640E+00  -1.92356863E-01  -2.18641409E+00
  4.52354116E+00  -1.93414996E-01  -2.32954077E+00
  4.53624848E+00  -1.94442080E-01  -2.46775512E+00
  4.54839587E+00  -1.95466506E-01  -2.60435988E+00
  4.55262665E+00  -1.95832614E-01  -2.65282132E+00
  4.55505963E+00  -1.96045224E-01  -2.68087295E+00
  4.55520105E+00  -1.96057628E-01  -2.68250739E+00
  4.55524303E+00  -1.96061310E-01  -2.68299258E+00
  4.55524506E+00  -1.96061488E-01  -2.68301603E+00
  4.55524515E+00  -1.96061497E-01  -2.68301712E+00
  4.55524644E+00  -1.96061609E-01  -2.68303197E+00
  4.56724999E+00  -1.97129937E-01  -2.82314502E+00
  4.57911776E+00  -1.98205179E-01  -2.96369943E+00
  4.59198511E+00  -1.99373205E-01  -3.11721469E+00
  4.60730843E+00  -2.00739860E-01  -3.29979376E+00
  4.62106115E+00  -2.01920799E-01  -3.46175430E+00
  4.63311251E+00  -2.02906615E-01  -3.60098201E+00
  4.64468798E+00  -2.03803552E-01  -3.73145642E+00
  4.65616178E+00  -2.04641677E-01  -3.85692671E+00
  4.66775687E+00  -2.05437762E-01  -3.97920882E+00
  4.67963307E+00  -2.06203671E-01  -4.09920926E+00
  4.69191460E+00  -2.06949481E-01  -4.21724118E+00
  4.70469719E+00  -2.07684928E-01  -4.33312036E+00
  4.71805020E+00  -2.08420345E-01  -4.44622690E+00
  4.73202750E+00  -2.09167712E-01  -4.55564899E+00
  4.74670322E+00  -2.09942492E-01  -4.66047107E+00
  4.76225329E+00  -2.10767635E-01  -4.76019019E+00
  4.77916421E+00  -2.11685428E-01  -4.85539627E+00
  4.79935740E+00  -2.12826562E-01  -4.95118906E+00
  4.81589084E+00  -2.13806670E-01  -5.01535097E+00
  4.83242690E+00  -2.14832324E-01  -5.06691314E+00
  4.84785147E+00  -2.15830735E-01  -5.10383977E+00
  4.86271863E+00  -2.16830196E-01  -5.12938581E+00
  4.87730207E+00  -2.17844002E-01  -5.14498170E+00
  4.89173360E+00  -2.18877162E-01  -5.15127106E+00
  4.90608583E+00  -2.19930992E-01  -5.14855002E+00
  4.92040075E+00  -2.21004677E-01  -5.13692967E+00
  4.93470355E+00  -2.22096045E-01  -5.11641092E+00
  4.94901240E+00  -2.23202140E-01  -5.08691644E+00
  4.96334732E+00  -2.24319802E-01  -5.04828949E+00
  4.97773976E+00  -2.25446301E-01  -5.00025792E+00
  4.99224407E+00  -2.26580075E-01  -4.94235340E+00
  4.99844881E+00  -2.27063044E-01  -4.91463897E+00
  4.99968976E+00  -2.27159416E-01  -4.90888305E+00
  4.99993795E+00  -2.27178680E-01  -4.90772332E+00
  4.99998759E+00  -2.27182533E-01  -4.90749104E+00
  4.99999752E+00  -2.27183303E-01  -4.90744457E+00
  4.99999950E+00  -2.27183457E-01  -4.90743527E+00
  4.99999990E+00  -2.27183488E-01  -4.90743341E+00
  4.99999998E+00  -2.27183494E-01  -4.90743304E+00
  5.00000000E+00  -2.27183496E-01  -4.90743297E+00
  5.00000000E+00  -2.27183496E-01  -4.90743295E+00
  5.00000000E+00  -2.27183496E-01  -4.90743295E+00
  5.00000000E+00  -2.27183496E-01  -4.90743295E+00
  5.00000000E+00  -2.27183496E-01  -4.90743295E+00
  5.01574890E+00  -2.28397314E-01  -4.82795011E+00
  5.03117892E+00  -2.29564024E-01  -4.73883761E+00
  5.04812932E+00  -2.30808777E-01  -4.62805300E+00
  5.06939586E+00  -2.32297480E-01  -4.47006154E+00
  5.08467251E+00  -2.33305585E-01  -4.34378638E+00
  5.09992996E+00  -2.34254890E-01  -4.20743532E+00
  5.11375474E+00  -2.35063805E-01  -4.07556855E+00
  5.12658863E+00  -2.35772927E-01  -3.94664665E+00
  5.13878602E+00  -2.36413992E-01  -3.81892354E+00
  5.15060035E+00  -2.37010928E-01  -3.69104118E+00
  5.16225986E+00  -2.37585366E-01  -3.56152683E+00
  5.17402184E+00  -2.38160479E-01  -3.42834656E+00
  5.18626245E+00  -2.38767057E-01  -3.28799506E+00
  5.19980939E+00  -2.39464649E-01  -3.13183089E+00
  5.21517943E+00  -2.40311758E-01  -2.95536478E+00
  5.22863963E+00  -2.41119052E-01  -2.80301109E+00
  5.24080953E+00  -2.41910954E-01  -2.66815944E+00
  5.25258400E+00  -2.42737296E-01  -2.54116095E+00
  5.26429750E+00  -2.43618670E-01  -2.41890889E+00
  5.27615815E+00  -2.44569036E-01  -2.29988633E+00
  5.28831785E+00  -2.45598754E-01  -2.18338193E+00
  5.30089468E+00  -2.46715015E-01  -2.06924129E+00
  5.31397854E+00  -2.47921258E-01  -1.95778539E+00
  5.32763354E+00  -2.49216594E-01  -1.84974460E+00
  5.34190984E+00  -2.50596535E-01  -1.74611459E+00
  5.35687791E+00  -2.52056481E-01  -1.64790205E+00
  5.37270178E+00  -2.53599265E-01  -1.55580682E+00
  5.38981439E+00  -2.55251886E-01  -1.46979985E+00
  5.40973725E+00  -2.57139421E-01  -1.38735038E+00
  5.43050822E+00  -2.59053348E-01  -1.32140746E+00
  5.44746564E+00  -2.60570817E-01  -1.28251257E+00
  5.46203234E+00  -2.61841782E-01  -1.25969547E+00
  5.47515957E+00  -2.62962438E-01  -1.24744821E+00
  5.48704839E+00  -2.63958527E-01  -1.24312063E+00
  5.49881019E+00  -2.64927937E-01  -1.24514604E+00
  5.51051278E+00  -2.65878443E-01  -1.25338041E+00
  5.52219879E+00  -2.66815687E-01  -1.26779908E+00
  5.53390563E+00  -2.67744953E-01  -1.28846853E+00
  5.54607257E+00  -2.68703217E-01  -1.31658187E+00
  5.55180430E+00  -2.69152853E-01  -1.33217869E+00
  5.55184541E+00  -2.69156075E-01  -1.33229600E+00
  5.55185103E+00  -2.69156515E-01  -1.33231205E+00
  5.55185215E+00  -2.69156603E-01  -1.33231526E+00
  5.55185238E+00  -2.69156621E-01  -1.33231590E+00
  5.55190209E+00  -2.69160517E-01  -1.33245790E+00
  5.56324840E+00  -2.70048176E-01  -1.36785170E+00
  5.57699198E+00  -2.71118038E-01  -1.41872363E+00
  5.59102084E+00  -2.72203889E-01  -1.47975500E+00
  5.60554507E+00  -2.73323638E-01  -1.55268586E+00
  5.62072919E+00  -2.74494416E-01  -1.63955151E+00
  5.63689981E+00  -2.75749894E-01  -1.74395080E+00
  5.65490370E+00  -2.77171800E-01  -1.87440680E+00
  5.67297571E+00  -2.78641252E-01  -2.01996154E+00
  5.69080868E+00  -2.80148720E-01  -2.17715335E+00
  5.70574995E+00  -2.81464898E-01  -2.31839621E+00
  5.71924197E+00  -2.82698963E-01  -2.45261611E+00
  5.71990522E+00  -2.82760766E-01  -2.45936293E+00
  5.72007730E+00  -2.82776818E-01  -2.46111548E+00
  5.72007942E+00  -2.82777016E-01  -2.46113713E+00
  5.72007957E+00  -2.82777030E-01  -2.46113859E+00
  5.72008199E+00  -2.82777256E-01  -2.46116328E+00
  5.72116662E+00  -2.82878599E-01  -2.47223050E+00
  5.73283513E+00  -2.83985147E-01  -2.59337333E+00
  5.74474237E+00  -2.85138583E-01  -2.72041741E+00
  5.75674450E+00  -2.86315105E-01  -2.85116293E+00
  5.76920430E+00  -2.87538039E-01  -2.98879093E+00
  5.78292421E+00  -2.88869457E-01  -3.14131734E+00
  5.79835377E+00  -2.90325555E-01  -3.31232439E+00
  5.81222795E+00  -2.91579881E-01  -3.46400877E+00
  5.82466339E+00  -2.92649721E-01  -3.59710041E+00
  5.83666109E+00  -2.93628361E-01  -3.72205262E+00
  5.84857014E+00  -2.94546590E-01  -3.84199881E+00
  5.86060706E+00  -2.95422567E-01  -3.95846595E+00
  5.87292965E+00  -2.96269476E-01  -4.07216924E+00
  5.88566244E+00  -2.97098567E-01  -4.18327719E+00
  5.89890389E+00  -2.97920576E-01  -4.29149759E+00
  5.91272897E+00  -2.98746604E-01  -4.39613108E+00
  5.92719798E+00  -2.99589023E-01  -4.49617822E+00
  5.94238434E+00  -3.00463030E-01  -4.59053895E+00
  5.95843730E+00  -3.01389917E-01  -4.67827190E+00
  5.97572913E+00  -3.02405829E-01  -4.75889404E+00
  5.99544698E+00  -3.03600377E-01  -4.83328865E+00
  6.01683371E+00  -3.04950620E-01  -4.89299941E+00
  6.03638266E+00  -3.06238690E-01  -4.92866059E+00
  6.05408509E+00  -3.07448672E-01  -4.94549817E+00
  6.07114263E+00  -3.08650483E-01  -4.94790758E+00
  6.08794516E+00  -3.09864032E-01  -4.93706179E+00
  6.10466614E+00  -3.11094998E-01  -4.91324269E+00
  6.12142256E+00  -3.12344797E-01  -4.87630339E+00
  6.13833721E+00  -3.13614539E-01  -4.82568895E+00
  6.15560036E+00  -3.14909065E-01  -4.76016168E+00
  6.17359666E+00  -3.16245210E-01  -4.67688795E+00
  6.19342328E+00  -3.17685663E-01  -4.56748615E+00
  6.21625975E+00  -3.19281071E-01  -4.41880799E+00
  6.23482107E+00  -3.20511421E-01  -4.28060191E+00
  6.25030868E+00  -3.21485145E-01  -4.15395323E+00
  6.26434758E+00  -3.22324483E-01  -4.03083606E+00
  6.27751409E+00  -3.23075836E-01  -3.90879434E+00
  6.29010517E+00  -3.23765957E-01  -3.78678044E+00
  6.30235128E+00  -3.24416630E-01  -3.66382748E+00
  6.31447762E+00  -3.25048926E-01  -3.53867314E+00
  6.32675221E+00  -3.25686605E-01  -3.40938901E+00
  6.33958658E+00  -3.26362967E-01  -3.27241886E+00
  6.35395724E+00  -3.27148177E-01  -3.11824417E+00
  6.36943796E+00  -3.28046594E-01  -2.95297358E+00
  6.38324180E+00  -3.28908266E-01  -2.80786383E+00
  6.39584069E+00  -3.29752623E-01  -2.67842827E+00
  6.40805505E+00  -3.30627383E-01  -2.55656167E+00
  6.42021068E+00  -3.31553003E-01  -2.43954850E+00
  6.43251712E+00  -3.32543498E-01  -2.32606039E+00
  6.44513119E+00  -3.33609376E-01  -2.21550545E+00
  6.45817966E+00  -3.34758310E-01  -2.10780598E+00
  6.47176640E+00  -3.35994849E-01  -2.00332517E+00
  6.48597568E+00  -3.37320038E-01  -1.90282041E+00
  6.50088206E+00  -3.38731980E-01  -1.80735018E+00
  6.51657994E+00  -3.40228692E-01  -1.71810329E+00
  6.53325324E+00  -3.41815002E-01  -1.63618089E+00
  6.55135643E+00  -3.43519343E-01  -1.56234668E+00
  6.57230550E+00  -3.45454331E-01  -1.49655757E+00
  6.59313546E+00  -3.47329912E-01  -1.45196829E+00
  6.61105979E+00  -3.48903218E-01  -1.43013201E+00
  6.62617826E+00  -3.50202270E-01  -1.42354992E+00
  6.64048691E+00  -3.51410510E-01  -1.42726874E+00
  6.65464883E+00  -3.52589049E-01  -1.44046378E+00
  6.66881039E+00  -3.53754016E-01  -1.46312295E+00
  6.68309716E+00  -3.54919953E-01  -1.49558032E+00
  6.69849954E+00  -3.56172224E-01  -1.54138275E+00
  6.71538459E+00  -3.57547578E-01  -1.60448825E+00
  6.73438153E+00  -3.59110306E-01  -1.69157374E+00
  6.74428929E+00  -3.59936562E-01  -1.74371168E+00
  6.74674300E+00  -3.60142726E-01  -1.75733046E+00
  6.74705367E+00  -3.60168876E-01  -1.75907468E+00
  6.74711448E+00  -3.60173996E-01  -1.75941663E+00
  6.74712664E+00  -3.60175020E-01  -1.75948503E+00
  6.74712907E+00  -3.60175225E-01  -1.75949871E+00
  6.74751174E+00  -3.60207454E-01  -1.76165465E+00
  6.76696994E+00  -3.61869633E-01  -1.88015023E+00
  6.78449981E+00  -3.63412385E-01  -2.00147040E+00
  6.79301459E+00  -3.64180087E-01  -2.06519793E+00
  6.79556352E+00  -3.64412472E-01  -2.08486607E+00
  6.79623422E+00  -3.64473823E-01  -2.09008595E+00
  6.79625329E+00  -3.64475569E-01  -2.09023461E+00
  6.79625667E+00  -3.64475878E-01  -2.09026099E+00
  6.79625691E+00  -3.64475900E-01  -2.09026285E+00
  6.79625693E+00  -3.64475902E-01  -2.09026298E+00
  6.79625712E+00  -3.64475919E-01  -2.09026445E+00
  6.81018401E+00  -3.65769446E-01  -2.20275025E+00
  6.82399442E+00  -3.67088493E-01  -2.32159154E+00
  6.83714805E+00  -3.68375888E-01  -2.44090314E+00
  6.84982866E+00  -3.69640897E-01  -2.56088949E+00
  6.86226028E+00  -3.70897150E-01  -2.68250884E+00
  6.87468643E+00  -3.72160249E-01  -2.80720397E+00
  6.88742974E+00  -3.73452786E-01  -2.93739567E+00
  6.90107613E+00  -3.74820540E-01  -3.07825339E+00
  6.91661600E+00  -3.76339464E-01  -3.23883571E+00
  6.93219272E+00  -3.77802416E-01  -3.39813102E+00
  6.94545783E+00  -3.78990189E-01  -3.53107155E+00
  6.95806774E+00  -3.80064380E-01  -3.65409785E+00
  6.97046707E+00  -3.81066847E-01  -3.77107166E+00
  6.98291862E+00  -3.82021117E-01  -3.88384534E+00
  6.99560790E+00  -3.82943367E-01  -3.99330711E+00
  7.00868433E+00  -3.83846935E-01  -4.09976962E+00
  7.02227625E+00  -3.84744333E-01  -4.20309498E+00
  7.03649727E+00  -3.85648416E-01  -4.30273852E+00
  7.05145372E+00  -3.86573392E-01  -4.39779241E+00
  7.06726570E+00  -3.87536370E-01  -4.48708287E+00
  7.08412515E+00  -3.88560885E-01  -4.56933871E+00
  7.10246049E+00  -3.89687212E-01  -4.64343035E+00
  7.12371632E+00  -3.91023942E-01  -4.70916635E+00
  7.14565820E+00  -3.92449504E-01  -4.75430564E+00
  7.16682026E+00  -3.93871826E-01  -4.77602980E+00
  7.18641744E+00  -3.95228093E-01  -4.77710591E+00
  7.20554910E+00  -3.96582532E-01  -4.76053311E+00
  7.22464731E+00  -3.97956095E-01  -4.72664752E+00
  7.24401476E+00  -3.99360024E-01  -4.67461297E+00
  7.26409762E+00  -4.00813640E-01  -4.60191835E+00
  7.28611970E+00  -4.02386196E-01  -4.50044383E+00
  7.31005466E+00  -4.04045198E-01  -4.36481772E+00
  7.32951255E+00  -4.05338258E-01  -4.23579101E+00
  7.34577706E+00  -4.06372934E-01  -4.11571795E+00
  7.36048999E+00  -4.07270495E-01  -3.99818076E+00
  7.37426777E+00  -4.08079105E-01  -3.88110692E+00
  7.38743432E+00  -4.08826637E-01  -3.76359671E+00
  7.40023941E+00  -4.09535660E-01  -3.64478118E+00
  7.41292537E+00  -4.10228059E-01  -3.52347429E+00
  7.42578117E+00  -4.10928850E-01  -3.39779777E+00
  7.43925826E+00  -4.11674130E-01  -3.26415743E+00
  7.45448603E+00  -4.12545067E-01  -3.11231288E+00
  7.47006282E+00  -4.13484944E-01  -2.95782214E+00
  7.48434342E+00  -4.14403062E-01  -2.81848582E+00
  7.49743735E+00  -4.15299456E-01  -2.69383663E+00
  7.51015275E+00  -4.16222827E-01  -2.57655625E+00
  7.52281581E+00  -4.17194072E-01  -2.46421765E+00
  7.53564702E+00  -4.18228112E-01  -2.35560815E+00
  7.54882025E+00  -4.19336828E-01  -2.25018868E+00
  7.56248901E+00  -4.20530212E-01  -2.14788663E+00
  7.57679972E+00  -4.21816747E-01  -2.04902768E+00
  7.59190430E+00  -4.23203927E-01  -1.95430559E+00
  7.60798680E+00  -4.24700240E-01  -1.86472809E+00
  7.62533945E+00  -4.26321906E-01  -1.78147962E+00
  7.64463198E+00  -4.28117143E-01  -1.70555803E+00
  7.66604601E+00  -4.30084063E-01  -1.64201631E+00
  7.68697205E+00  -4.31969569E-01  -1.60108586E+00
  7.70494325E+00  -4.33556925E-01  -1.58264001E+00
  7.72064450E+00  -4.34920413E-01  -1.57914362E+00
  7.73607393E+00  -4.36241516E-01  -1.58715432E+00
  7.75147036E+00  -4.37544860E-01  -1.60643808E+00
  7.76700151E+00  -4.38849246E-01  -1.63729175E+00
  7.78288578E+00  -4.40178480E-01  -1.68065233E+00
  7.80064971E+00  -4.41667752E-01  -1.74320434E+00
  7.82099564E+00  -4.43390148E-01  -1.83289001E+00
  7.84525098E+00  -4.45488083E-01  -1.96441887E+00
  7.86583396E+00  -4.47323420E-01  -2.09618796E+00
  7.88255052E+00  -4.48858818E-01  -2.21599163E+00
  7.89750846E+00  -4.50268383E-01  -2.33214945E+00
  7.91149818E+00  -4.51615486E-01  -2.44770938E+00
  7.92489298E+00  -4.52927295E-01  -2.56386919E+00
  7.93796785E+00  -4.54222500E-01  -2.68165892E+00
  7.95099201E+00  -4.55519339E-01  -2.80244991E+00
  7.96430366E+00  -4.56841967E-01  -2.92849026E+00
  7.97849353E+00  -4.58236427E-01  -3.06451613E+00
  7.99413109E+00  -4.59738954E-01  -3.21482271E+00
  8.00977411E+00  -4.61190345E-01  -3.36383577E+00
  8.02380453E+00  -4.62437649E-01  -3.49489074E+00
  8.03701471E+00  -4.63559515E-01  -3.61492920E+00
  8.04996239E+00  -4.64607863E-01  -3.72853370E+00
  8.06294025E+00  -4.65608756E-01  -3.83761395E+00
  8.07616211E+00  -4.66580570E-01  -3.94312620E+00
  8.08981197E+00  -4.67538997E-01  -4.04547323E+00
  8.10407033E+00  -4.68499745E-01  -4.14465757E+00
  8.11913762E+00  -4.69480762E-01  -4.24034455E+00
  8.13527584E+00  -4.70505483E-01  -4.33192347E+00
  8.15292639E+00  -4.71610882E-01  -4.41868914E+00
  8.17322624E+00  -4.72881250E-01  -4.50071195E+00
  8.19513055E+00  -4.74269882E-01  -4.56752497E+00
  8.21617108E+00  -4.75633700E-01  -4.61030052E+00
  8.23530504E+00  -4.76904071E-01  -4.63092760E+00
  8.25386010E+00  -4.78163109E-01  -4.63430335E+00
  8.27225575E+00  -4.79434117E-01  -4.62151346E+00
  8.29069372E+00  -4.80724709E-01  -4.59261962E+00
  8.30933747E+00  -4.82038288E-01  -4.54712102E+00
  8.32842085E+00  -4.83381213E-01  -4.48373473E+00
  8.34847772E+00  -4.84777781E-01  -4.39904350E+00
  8.37160953E+00  -4.86351397E-01  -4.27896667E+00
  8.38933048E+00  -4.87518591E-01  -4.17140329E+00
  8.40684619E+00  -4.88632914E-01  -4.05259888E+00
  8.42254911E+00  -4.89596852E-01  -3.93633872E+00
  8.43706181E+00  -4.90459819E-01  -3.82150110E+00
  8.45087422E+00  -4.91260265E-01  -3.70642432E+00
  8.46432285E+00  -4.92026036E-01  -3.58980772E+00
  8.47771165E+00  -4.92782833E-01  -3.47014432E+00
  8.49141176E+00  -4.93561132E-01  -3.34505043E+00
  8.50608250E+00  -4.94411250E-01  -3.20940174E+00
  8.52175449E+00  -4.95353341E-01  -3.06415869E+00
  8.53744029E+00  -4.96345867E-01  -2.92016991E+00
  8.55171392E+00  -4.97301882E-01  -2.79178887E+00
  8.56519519E+00  -4.98256105E-01  -2.67397358E+00
  8.57843523E+00  -4.99243301E-01  -2.56243268E+00
  8.59173118E+00  -5.00283416E-01  -2.45536876E+00
  8.60531166E+00  -5.01392597E-01  -2.35184999E+00
  8.61938798E+00  -5.02586161E-01  -2.25144237E+00
  8.63419220E+00  -5.03881109E-01  -2.15403958E+00
  8.65003181E+00  -5.05300440E-01  -2.05973503E+00
  8.66743503E+00  -5.06885794E-01  -1.96853086E+00
  8.68783893E+00  -5.08759463E-01  -1.87879348E+00
  8.71082343E+00  -5.10866016E-01  -1.80055979E+00
  8.72984450E+00  -5.12592266E-01  -1.75443828E+00
  8.74630152E+00  -5.14067793E-01  -1.72825633E+00
  8.76118905E+00  -5.15386706E-01  -1.71557359E+00
  8.77554796E+00  -5.16644794E-01  -1.71324837E+00
  8.78985520E+00  -5.17886135E-01  -1.72059719E+00
  8.80418877E+00  -5.19119922E-01  -1.73761062E+00
  8.81862005E+00  -5.20355420E-01  -1.76445921E+00
  8.83323306E+00  -5.21603674E-01  -1.80152149E+00
  8.84882279E+00  -5.22937486E-01  -1.85191423E+00
  8.86579178E+00  -5.24398764E-01  -1.91931585E+00
  8.88472359E+00  -5.26050125E-01  -2.00959368E+00
  8.90914739E+00  -5.28228762E-01  -2.14858011E+00
  8.92573780E+00  -5.29746783E-01  -2.25657216E+00
  8.94214799E+00  -5.31280720E-01  -2.37327629E+00
  8.95724102E+00  -5.32718230E-01  -2.48841247E+00
  8.97150421E+00  -5.34095925E-01  -2.60319337E+00
  8.98536528E+00  -5.35446439E-01  -2.71938510E+00
  8.99918741E+00  -5.36796591E-01  -2.83882711E+00
  9.01340992E+00  -5.38179456E-01  -2.96433602E+00
  9.02888083E+00  -5.39663355E-01  -3.10243788E+00
  9.04457693E+00  -5.41132952E-01  -3.24259495E+00
  9.06032125E+00  -5.42557682E-01  -3.38152597E+00
  9.07466807E+00  -5.43804539E-01  -3.50528611E+00
  9.08838503E+00  -5.44946671E-01  -3.61997166E+00
  9.10193937E+00  -5.46026345E-01  -3.72888165E+00
  9.11562538E+00  -5.47068872E-01  -3.83358400E+00
  9.12969178E+00  -5.48094660E-01  -3.93493707E+00
  9.14440054E+00  -5.49124415E-01  -4.03342632E+00
  9.16009928E+00  -5.50184603E-01  -4.12940576E+00
  9.17740813E+00  -5.51320037E-01  -4.22358753E+00
  9.19822872E+00  -5.52659120E-01  -4.31986854E+00
  9.21623731E+00  -5.53809839E-01  -4.38761667E+00
  9.23436500E+00  -5.54973192E-01  -4.44091425E+00
  9.25143389E+00  -5.56080416E-01  -4.47724634E+00
  9.26806727E+00  -5.57174256E-01  -4.49962531E+00
  9.28452636E+00  -5.58272326E-01  -4.50906916E+00
  9.30093381E+00  -5.59381669E-01  -4.50590360E+00
  9.31735976E+00  -5.60504421E-01  -4.49018082E+00
  9.33385384E+00  -5.61640000E-01  -4.46181601E+00
  9.35046893E+00  -5.62786838E-01  -4.42060614E+00
  9.36729245E+00  -5.63944644E-01  -4.36612059E+00
  9.38450567E+00  -5.65118441E-01  -4.29733800E+00
  9.40254637E+00  -5.66328912E-01  -4.21150064E+00
  9.42298855E+00  -5.67666897E-01  -4.09798090E+00
  9.44099294E+00  -5.68810156E-01  -3.98461000E+00
  9.45858536E+00  -5.69894110E-01  -3.86280808E+00
  9.47430592E+00  -5.70837616E-01  -3.74580201E+00
  9.48902136E+00  -5.71704481E-01  -3.63031386E+00
  9.50334149E+00  -5.72539922E-01  -3.51341284E+00
  9.51773163E+00  -5.73380147E-01  -3.39255295E+00
  9.53279386E+00  -5.74271384E-01  -3.26369906E+00
  9.54858641E+00  -5.75231898E-01  -3.12755460E+00
  9.56431184E+00  -5.76227855E-01  -2.99256658E+00
  9.58004983E+00  -5.77275048E-01  -2.85968209E+00
  9.59436388E+00  -5.78277688E-01  -2.74205025E+00
  9.60831768E+00  -5.79303824E-01  -2.63140660E+00
  9.62226070E+00  -5.80377006E-01  -2.52573000E+00
  9.63649116E+00  -5.81518866E-01  -2.42373268E+00
  9.65130897E+00  -5.82752516E-01  -2.32459563E+00
  9.66711781E+00  -5.84110703E-01  -2.22755135E+00
  9.68469390E+00  -5.85659526E-01  -2.13104476E+00
  9.70697667E+00  -5.87660324E-01  -2.02702352E+00
  9.72775259E+00  -5.89541895E-01  -1.94936740E+00
  9.74448141E+00  -5.91056183E-01  -1.90080942E+00
  9.75961239E+00  -5.92419371E-01  -1.86780630E+00
  9.77370502E+00  -5.93680688E-01  -1.84648007E+00
  9.78686363E+00  -5.94850013E-01  -1.83480234E+00
  9.79995251E+00  -5.96004934E-01  -1.83109195E+00
  9.81301935E+00  -5.97150339E-01  -1.83525042E+00
  9.82610059E+00  -5.98290676E-01  -1.84726427E+00
  9.83922919E+00  -5.99430602E-01  -1.86718421E+00
  9.85244105E+00  -6.00575506E-01  -1.89512729E+00
  9.86578297E+00  -6.01732170E-01  -1.93130488E+00
  9.87999552E+00  -6.02968305E-01  -1.97851843E+00
  9.89513391E+00  -6.04293725E-01  -2.03845462E+00
  9.91140815E+00  -6.05733679E-01  -2.11366804E+00
  9.92947713E+00  -6.07356401E-01  -2.20970495E+00
  9.95225382E+00  -6.09444163E-01  -2.34825793E+00
  9.97257808E+00  -6.11347602E-01  -2.48665300E+00
  9.98919980E+00  -6.12928072E-01  -2.60869675E+00
  9.99783996E+00  -6.13755477E-01  -2.67480440E+00
  9.99956799E+00  -6.13921268E-01  -2.68821899E+00
  9.99991360E+00  -6.13954435E-01  -2.69090919E+00
  9.99998272E+00  -6.13961069E-01  -2.69144752E+00
  9.99999654E+00  -6.13962396E-01  -2.69155520E+00
  9.99999931E+00  -6.13962661E-01  -2.69157674E+00
  9.99999986E+00  -6.13962714E-01  -2.69158104E+00
  9.99999997E+00  -6.13962725E-01  -2.69158190E+00
  9.99999999E+00  -6.13962727E-01  -2.69158208E+00
  1.00000000E+01  -6.13962727E-01  -2.69158211E+00
  1.00000000E+01  -6.13962727E-01  -2.69158212E+00
  1.00000000E+01  -6.13962727E-01  -2.69158212E+00
  1.00000000E+01  -6.13962727E-01  -2.69158212E+00
