# 3 207
  0.00000000E+00   0.00000000E+00   1.74532925E-01
  3.99744752E-02  -2.61003471E-05   1.81340777E-01
  8.03113471E-02  -9.54926032E-05   2.02457681E-01
  1.21199328E-01  -2.01167294E-04   2.40053450E-01
  1.61898442E-01  -3.39054497E-04   2.96554878E-01
  2.02748170E-01  -5.11079001E-04   3.76845909E-01
  2.45182581E-01  -7.26013484E-04   4.92058456E-01
  2.88459642E-01  -9.74826946E-04   6.52976162E-01
  3.32156894E-01  -1.21671067E-03   8.74221085E-01
  3.76289477E-01  -1.32477194E-03   1.17756098E+00
  4.21951572E-01  -9.21913566E-04   1.60534353E+00
  4.75589659E-01   1.62001862E-03   2.31611668E+00
  5.12316249E-01   6.71168031E-03   2.98897166E+00
  5.40431910E-01   1.46929935E-02   3.64903957E+00
  5.70475211E-01   3.07087703E-02   4.53356532E+00
  5.99371999E-01   5.89429758E-02   5.57081679E+00
  6.23140482E-01   9.69678220E-02   6.53550981E+00
  6.44916388E-01   1.48076728E-01   7.50079103E+00
  6.66316950E-01   2.20166300E-01   8.58658036E+00
  6.76224453E-01   2.65246974E-01   9.18122024E+00
  6.87578335E-01   3.32624715E-01   9.98745883E+00
  6.96681893E-01   4.05581300E-01   1.07509126E+01
  7.04990211E-01   4.92533849E-01   1.15061267E+01
  7.11014235E-01   5.68971292E-01   1.20499843E+01
  7.17156883E-01   6.57753168E-01   1.25811287E+01
  7.23943842E-01   7.66973861E-01   1.31411551E+01
  7.32552322E-01   9.20398708E-01   1.38353348E+01
  7.40575688E-01   1.07867801E+00   1.45045379E+01
  7.46792229E-01   1.21409665E+00   1.50740389E+01
  7.51375487E-01   1.32428889E+00   1.55506999E+01
  7.56376747E-01   1.46016317E+00   1.61621999E+01
  7.60406677E-01   1.58800290E+00   1.67462824E+01
  7.63648365E-01   1.70755591E+00   1.72664475E+01
  7.66833062E-01   1.84187275E+00   1.77865476E+01
  7.69592933E-01   1.97134119E+00   1.82155749E+01
  7.72388774E-01   2.11299071E+00   1.86167254E+01
  7.75628171E-01   2.28752704E+00   1.90414613E+01
  7.79637656E-01   2.51532976E+00   1.95249991E+01
  7.83734056E-01   2.75869130E+00   1.99942709E+01
  7.89400021E-01   3.11121602E+00   2.06424586E+01
  7.94310703E-01   3.43403494E+00   2.12478197E+01
  7.97189420E-01   3.63400650E+00   2.16498274E+01
  7.99558381E-01   3.80774037E+00   2.20285668E+01
  8.01999120E-01   4.00006465E+00   2.24885385E+01
  8.04118305E-01   4.18385446E+00   2.29628790E+01
  8.05856773E-01   4.35112044E+00   2.34003881E+01
  8.07574010E-01   4.53389482E+00   2.38487908E+01
  8.09128869E-01   4.71443702E+00   2.42386762E+01
  8.10705662E-01   4.91006036E+00   2.45997843E+01
  8.12297832E-01   5.11758241E+00   2.49263064E+01
  8.14338057E-01   5.39421617E+00   2.52984853E+01
  8.16336958E-01   5.67365511E+00   2.56278302E+01
  8.18531153E-01   5.98746131E+00   2.59648256E+01
  8.21569036E-01   6.43156644E+00   2.64109406E+01
  8.24725181E-01   6.90363755E+00   2.68720799E+01
  8.28325336E-01   7.45713415E+00   2.74287585E+01
  8.30401689E-01   7.78648336E+00   2.77878339E+01
  8.32049918E-01   8.05608210E+00   2.81116398E+01
  8.33415519E-01   8.28772318E+00   2.84220534E+01
  8.34799240E-01   8.53420822E+00   2.87949229E+01
  8.36034954E-01   8.76968160E+00   2.91934066E+01
  8.37076564E-01   8.98437634E+00   2.95780126E+01
  8.38115432E-01   9.21702552E+00   2.99856404E+01
  8.39208473E-01   9.48259251E+00   3.04019842E+01
  8.41131352E-01   9.99130515E+00   3.10246115E+01
  8.42429587E-01   1.03544760E+01   3.13656205E+01
  8.43635449E-01   1.07005375E+01   3.16425784E+01
  8.44893754E-01   1.10678483E+01   3.19045839E+01
  8.46400432E-01   1.15137146E+01   3.21956098E+01
  8.48459834E-01   1.21312040E+01   3.25718725E+01
  8.50987321E-01   1.28995973E+01   3.30230807E+01
  8.53635616E-01   1.37174969E+01   3.35100426E+01
  8.55609373E-01   1.43383376E+01   3.39066275E+01
  8.57001654E-01   1.47852284E+01   3.42241318E+01
  8.58072267E-01   1.51368601E+01   3.45068547E+01
  8.59825324E-01   1.57401175E+01   3.51048528E+01
  8.61266212E-01   1.62889490E+01   3.58039480E+01
  8.62585372E-01   1.68680140E+01   3.65507088E+01
  8.63835863E-01   1.74838751E+01   3.71505054E+01
  8.65392249E-01   1.83015526E+01   3.76997361E+01
  8.67107059E-01   1.92330344E+01   3.81644619E+01
  8.68213763E-01   1.98431953E+01   3.84269643E+01
  8.69687963E-01   2.06630292E+01   3.87548697E+01
  8.71815363E-01   2.18570226E+01   3.92107983E+01
  8.73862023E-01   2.30170956E+01   3.96541288E+01
  8.75760540E-01   2.41058844E+01   4.00962530E+01
  8.76983443E-01   2.48173770E+01   4.04199790E+01
  8.78570082E-01   2.57637689E+01   4.09498530E+01
  8.79843302E-01   2.65683079E+01   4.15882095E+01
  8.81165298E-01   2.75246153E+01   4.25942152E+01
  8.82387139E-01   2.85696558E+01   4.34394888E+01
  8.83503446E-01   2.95973835E+01   4.39515484E+01
  8.84728492E-01   3.07562238E+01   4.43689047E+01
  8.86533367E-01   3.24892179E+01   4.48755623E+01
  8.88069131E-01   3.39768756E+01   4.52699014E+01
  8.89696989E-01   3.55633522E+01   4.56805034E+01
  8.91734837E-01   3.75646028E+01   4.62160663E+01
  8.92992524E-01   3.88126446E+01   4.65880945E+01
  8.94397505E-01   4.02319222E+01   4.71158209E+01
  8.95719404E-01   4.16413537E+01   4.79582640E+01
  8.96910384E-01   4.31542081E+01   4.92503676E+01
  8.98190982E-01   4.50790293E+01   5.01640750E+01
  8.99612025E-01   4.73128728E+01   5.07466519E+01
  9.01221066E-01   4.98760966E+01   5.12642126E+01
  9.02606980E-01   5.20972417E+01   5.16770425E+01
  9.04034254E-01   5.43945214E+01   5.20996969E+01
  9.06024651E-01   5.76196836E+01   5.27345566E+01
  9.07404901E-01   5.98889657E+01   5.33063960E+01
  9.08424569E-01   6.16298729E+01   5.40348232E+01
  9.09547010E-01   6.39076119E+01   5.56432531E+01
  9.10802614E-01   6.69837247E+01   5.66480135E+01
  9.12156960E-01   7.04116747E+01   5.72348508E+01
  9.13998433E-01   7.51121302E+01   5.78899561E+01
  9.15208099E-01   7.82125147E+01   5.83058367E+01
  9.16830398E-01   8.23878808E+01   5.88923874E+01
  9.18134903E-01   8.57767926E+01   5.94809761E+01
  9.19190207E-01   8.86125365E+01   6.03978613E+01
  9.20266474E-01   9.22328816E+01   6.23712308E+01
  9.21465651E-01   9.69098917E+01   6.32218157E+01
  9.23127190E-01   1.03491170E+02   6.39494235E+01
  9.24244203E-01   1.07933052E+02   6.43961658E+01
  9.25400618E-01   1.12542409E+02   6.48631665E+01
  9.26660858E-01   1.17585891E+02   6.54270799E+01
  9.27700794E-01   1.21800628E+02   6.61250114E+01
  9.28737920E-01   1.26675442E+02   6.83826587E+01
  9.30007958E-01   1.34224987E+02   6.95732983E+01
  9.31565485E-01   1.43638253E+02   7.03458911E+01
  9.33643284E-01   1.56242821E+02   7.13196800E+01
  9.34743169E-01   1.62950596E+02   7.19414452E+01
  9.35768275E-01   1.69468424E+02   7.36274374E+01
  9.36945025E-01   1.79736976E+02   7.57578189E+01
  9.38011059E-01   1.89399537E+02   7.63973956E+01
  9.39568703E-01   2.03557021E+02   7.72350587E+01
  9.40779781E-01   2.14591992E+02   7.79307469E+01
  9.41819819E-01   2.24194785E+02   7.90898180E+01
  9.42833292E-01   2.36758966E+02   8.19366743E+01
  9.44002487E-01   2.52478094E+02   8.27594123E+01
  9.45462064E-01   2.72148941E+02   8.36676816E+01
  9.46504252E-01   2.86228107E+02   8.43956522E+01
  9.47510742E-01   3.01134684E+02   8.74957938E+01
  9.48725673E-01   3.25053009E+02   8.88707514E+01
  9.49841020E-01   3.47122138E+02   8.96763056E+01
  9.50884506E-01   3.67795712E+02   9.04613396E+01
  9.51894205E-01   3.88913784E+02   9.36037491E+01
  9.53124559E-01   4.24265635E+02   9.52893549E+01
  9.54211577E-01   4.55642595E+02   9.61955534E+01
  9.55346148E-01   4.88476489E+02   9.74236624E+01
  9.56394902E-01   5.29262097E+02   1.01259993E+02
  9.57518595E-01   5.76313395E+02   1.02356075E+02
  9.58529483E-01   6.18704170E+02   1.03496557E+02
  9.59573589E-01   6.76631276E+02   1.07645992E+02
  9.60727483E-01   7.46416562E+02   1.08946886E+02
  9.61741796E-01   8.12903135E+02   1.13192360E+02
  9.62885989E-01   9.12551993E+02   1.14836701E+02
  9.63886058E-01   1.00026396E+03   1.18037196E+02
  9.65000691E-01   1.13978052E+03   1.21101481E+02
  9.66036019E-01   1.27969166E+03   1.25947552E+02
  9.67105420E-01   1.47300951E+03   1.27922367E+02
  9.68191972E-01   1.72282081E+03   1.33386349E+02
  9.69226920E-01   2.02694060E+03   1.39009892E+02
  9.70239749E-01   2.42996405E+03   1.44894645E+02
  9.71256943E-01   3.02447370E+03   1.51357999E+02
  9.72364947E-01   4.06989882E+03   1.58867975E+02
  9.73395627E-01   5.85004266E+03   1.70789828E+02
  9.74403425E-01   9.87948009E+03   1.84966249E+02
  9.75404077E-01   6.91399150E+04   2.40072158E+02
  1.07544448E+00 NaN NaN
  1.17544448E+00 NaN NaN
  1.27544448E+00 NaN NaN
  1.37544448E+00 NaN NaN
  1.47544448E+00 NaN NaN
  1.57544448E+00 NaN NaN
  1.67544448E+00 NaN NaN
  1.77544448E+00 NaN NaN
  1.87544448E+00 NaN NaN
  1.97544448E+00 NaN NaN
  2.07544448E+00 NaN NaN
  2.17544448E+00 NaN NaN
  2.27544448E+00 NaN NaN
  2.37544448E+00 NaN NaN
  2.47544448E+00 NaN NaN
  2.57544448E+00 NaN NaN
  2.67544448E+00 NaN NaN
  2.77544448E+00 NaN NaN
  2.87544448E+00 NaN NaN
  2.97544448E+00 NaN NaN
  3.07544448E+00 NaN NaN
  3.17544448E+00 NaN NaN
  3.27544448E+00 NaN NaN
  3.37544448E+00 NaN NaN
  3.47544448E+00 NaN NaN
  3.57544448E+00 NaN NaN
  3.67544448E+00 NaN NaN
  3.77544448E+00 NaN NaN
  3.87544448E+00 NaN NaN
  3.97544448E+00 NaN NaN
  4.07544448E+00 NaN NaN
  4.17544448E+00 NaN NaN
  4.27544448E+00 NaN NaN
  4.37544448E+00 NaN NaN
  4.47544448E+00 NaN NaN
  4.57544448E+00 NaN NaN
  4.67544448E+00 NaN NaN
  4.77544448E+00 NaN NaN
  4.87544448E+00 NaN NaN
  4.97544448E+00 NaN NaN
  5.00000000E+00 NaN NaN
